# Number of parameters = 133 Objective function value = 23167.1413060736  Maximum gradient component = 9.03528561329082e-06
# log_L50:
 1.50543333451438 1.44057892549125
# log_sigma1:
 -6.52199796573251 -1.85581409425809
# log_sigma2:
 9.20000000000000 9.20000000000000
# log_Ro:
4.94751095628
# dev_log_Ro:
 -0.0739414274858 -0.0854768491107 -0.0990236907166 -0.114845052800 -0.133298551491 -0.154726852982 -0.179359005544 -0.207595697945 -0.239792103646 -0.276564303550 -0.318613904458 -0.366288059487 -0.420038013475 -0.480698296710 -0.541534290347 -0.601764339351 -0.665731260079 -0.697595941434 -0.695430150290 -0.657692866470 -0.593514823063 -0.533667279608 -0.275136947314 1.15820152817 0.200713030199 0.102576478333 0.879120146422 0.779317235324 0.0375708047968 -0.113335134669 -0.100108752332 0.00154120170672 0.652931531670 0.986850880404 -0.228710776900 0.986195004119 1.02580856970 0.512130933268 0.482858588740 0.315262975966 -1.88177388271 0.617018527249 0.179798033379 0.455690681445 0.0750601985120 -0.885453976174 0.770598912570 -0.177662637787 0.771956913412 0.263535381304 0.400075323281 0.379218426686 -0.357393786163 0.304462044777 -0.662446603451 0.497834236894 -0.238552899460 0.259418568900 -0.0126593335147 -0.0126593333096 -0.0126593334061
# dev_log_No:
 0.00000000000 0.00000000000 0.00000000000 0.00000000000 0.00000000000 0.00000000000 0.00000000000 0.00000000000 0.00000000000 0.00000000000 0.00000000000 0.00000000000
# log_F:
 -11.2883933151 -11.2883823231 -10.5952195522 -11.2883536016 -10.5864544318 -11.2698905862 -11.2592081612 -7.60961647124 -7.02888981986 -7.48092833021 -8.15782184674 -9.10502874243 -7.42664253333 -7.33504086624 -7.33229573001 -7.06284757527 -5.72256289112 -4.31184059613 -4.82317282989 -4.72322656652 -7.82695072446 -4.94824751685 -7.22925961723 -7.42148482372 -6.90458633583 -0.653180653071 -0.398567568548 -0.909876259292 -0.931720648073 -0.553613488253 -1.39410709604 -1.34520721212 -0.892579508524 -0.963743256860 -0.601961176799 -0.149847797065 -0.0281790359971 -1.44436999396 -0.938732485623 -0.673729491792 -0.350907251039 -0.0215613650206 0.391396284561 0.366082293199 0.550614341388 0.510454596629 0.207541519651 -0.305431993593 -0.0239797948664 -0.0671581907964 -0.690220628671 -0.255060700449 -0.258733599998 -0.0962855437582 -0.0830069972224 -0.135822909677 -0.277598880238 -0.169679658841 0.0603676658589 -0.00928498496018 -0.463431418913
# log_qflo:
 -5.49426080336 -4.80594379128 -4.32085691180 -4.43034607098 -4.44377752285
# log_b:
0.00000000000
# log_Lo:
3.96900142198
# log_cv_edad:
-2.30258509299
