# Number of parameters = 133 Objective function value = 23164.3768556408  Maximum gradient component = 0.0119889048783843
# log_L50:
 1.60659026477161 1.43161464081887
# log_sigma1:
 -2.17726424340104 -2.04289190108877
# log_sigma2:
 9.20000000000000 9.20000000000000
# log_Ro:
5.06578558864
# dev_log_Ro:
 -0.0486123018732 -0.0570178590695 -0.0670824201404 -0.0790813169907 -0.0933721023814 -0.110330949675 -0.130275915631 -0.153677818346 -0.181001339103 -0.212961904912 -0.250399309148 -0.293852578222 -0.343975791013 -0.401766749781 -0.461665595094 -0.523218680061 -0.590055693782 -0.625569432279 -0.627193976182 -0.592162229931 -0.528967606889 -0.469588383455 -0.193852061126 1.13351237692 0.188891560784 0.0866420622588 0.868986137163 0.760162378569 0.0112920426421 -0.146365801197 -0.117481104536 -0.0235184885690 0.614078712219 0.963984025122 -0.243680321331 0.951398301006 0.984375423295 0.463181514278 0.431631377365 0.265655349725 -1.91512977433 0.556610439833 0.121587647567 0.401781132733 0.0244776669632 -0.927542403398 0.718197123521 -0.216612088207 0.712607016379 0.211895445091 0.342596581760 0.323718116138 -0.402635058319 0.249847622138 -0.705102567653 0.440737549444 -0.287580473841 0.217954192600 -0.00815723362698 -0.00815723263739 -0.00815723278318
# dev_log_No:
 0.00000000000 0.00000000000 0.00000000000 0.00000000000 0.00000000000 0.00000000000 0.00000000000 0.00000000000 0.00000000000 0.00000000000 0.00000000000 0.00000000000
# log_F:
 -11.2349114104 -11.2348999892 -10.5417366989 -11.2348705672 -10.5352742179 -11.2212855949 -11.2134194374 -7.56685212883 -6.98933554003 -7.44476732689 -8.12521335559 -9.07608541319 -7.40142040538 -7.31345281513 -7.31421057458 -7.04806318144 -5.71078969777 -4.30271968132 -4.81626573196 -4.71802004975 -7.82267881968 -4.94461706396 -7.22626318280 -7.41969613847 -6.90494509890 -0.662926215070 -0.444037510166 -0.952828939888 -0.975523540333 -0.601020997570 -1.44285043214 -1.38567921874 -0.925819771005 -0.989507014376 -0.627063718618 -0.181188557692 -0.0632996320669 -1.48167583527 -0.970926805667 -0.700246600583 -0.371625839758 -0.0363262747691 0.378950337884 0.353175567580 0.534437579081 0.492044979426 0.184793625771 -0.328684771581 -0.0495575651451 -0.0971250519243 -0.718481247162 -0.280856461907 -0.281755772806 -0.119473109969 -0.106038413252 -0.160447173846 -0.302619306194 -0.192950332342 0.0346446005884 -0.0380458347393 -0.498824084519
# log_qflo:
 -5.52468339350 -4.81944134892 -4.34152017625 -4.45793618109 -4.46995428436
# log_b:
0.00000000000
# log_Lo:
3.96904503368
# log_cv_edad:
-2.30258509299
