# Number of parameters = 133 Objective function value = 23179.0874894428  Maximum gradient component = 0.00141984288003025
# log_L50:
 1.39721413165225 1.45396455529156
# log_sigma1:
 -5.04379217770355 -1.62138780924587
# log_sigma2:
 9.20000000000000 9.20000000000000
# log_Ro:
4.62582507511
# dev_log_Ro:
 -0.203100265997 -0.225387261313 -0.250160106735 -0.277465183829 -0.307552277231 -0.340542058422 -0.376305126856 -0.415008244444 -0.456711376563 -0.501816913039 -0.550714854913 -0.603443202428 -0.660137749694 -0.721457573877 -0.778116826029 -0.828669427829 -0.879650650067 -0.898084814108 -0.883252948527 -0.835563168180 -0.764561740431 -0.696715283619 -0.466807165417 1.23737266873 0.281044221431 0.174659523787 0.940640895214 0.864773456540 0.137415993506 0.00681252650739 -0.0383692862144 0.0842531978996 0.786879619655 1.08044645594 -0.174079798542 1.10841406334 1.16220515537 0.665510884826 0.643070913759 0.470606811048 -1.78238649439 0.799817383312 0.356656543251 0.624266375741 0.239654084910 -0.756767192710 0.941555183513 -0.0569745783715 0.962771690766 0.424024083576 0.580908222995 0.556489543535 -0.217929364800 0.480760528654 -0.537012309279 0.680444162214 -0.0854995586036 0.394013815487 -0.0384084101130 -0.0384083794160 -0.0384084135174
# dev_log_No:
 0.00000000000 0.00000000000 0.00000000000 0.00000000000 0.00000000000 0.00000000000 0.00000000000 0.00000000000 0.00000000000 0.00000000000 0.00000000000 0.00000000000
# log_F:
 -11.4443078036 -11.4442980502 -10.7511368030 -11.4442716641 -10.7344070392 -11.4088921375 -11.3884270322 -7.72840603016 -7.13677251722 -7.57754677130 -8.24297637052 -9.17872750000 -7.48910434476 -7.38719611807 -7.37518477906 -7.09765262726 -5.75060366016 -4.33448868061 -4.84201388593 -4.73960086626 -7.84277840827 -4.96405932576 -7.24512160890 -7.43594432564 -6.91555151660 -0.642580730726 -0.317625128488 -0.807797630952 -0.831997953790 -0.443101063246 -1.27959244104 -1.25170033031 -0.817190714557 -0.908703936907 -0.545783654423 -0.0716368917568 0.0571351308732 -1.35540044549 -0.858083513754 -0.608949585476 -0.300868543085 0.0142696251678 0.421323377053 0.396156642645 0.586076388229 0.551673886853 0.259428185074 -0.252266232909 0.0356932195808 0.000920594128644 -0.623705623840 -0.194455614570 -0.205470331454 -0.0413592183688 -0.0297801860386 -0.0777754202346 -0.219130210561 -0.114904223326 0.120620924921 0.0592031010937 -0.372587048044
# log_qflo:
 -5.41982272802 -4.77352275225 -4.27422653566 -4.36602275815 -4.38115190927
# log_b:
0.00000000000
# log_Lo:
3.96895075163
# log_cv_edad:
-2.30258509299
