# Number of parameters = 133 Objective function value = 23182.8457611667  Maximum gradient component = 0.0193738792683276
# log_L50:
 1.39511628465741 1.44779435176910
# log_sigma1:
 -5.43116082590261 -1.71816416802106
# log_sigma2:
 9.20000000000000 9.20000000000000
# log_Ro:
4.55519681741
# dev_log_Ro:
 -0.246322951145 -0.270918265307 -0.297953742480 -0.327401193941 -0.359494338711 -0.394301455362 -0.431624099790 -0.471599764154 -0.514246714771 -0.559947415681 -0.609047753943 -0.661563737727 -0.717600443628 -0.777813607578 -0.832495253273 -0.880075734144 -0.927541631854 -0.942605976679 -0.924696400339 -0.874427489755 -0.801227617970 -0.730580560474 -0.503988662959 1.25650051678 0.309235753752 0.196013207009 0.961230457910 0.890644120181 0.165318905297 0.0398881453275 -0.0235157851465 0.103906178203 0.822375502350 1.10771655234 -0.160116969803 1.14114768623 1.19717643744 0.703458548295 0.682700219518 0.509077340349 -1.75944707130 0.843857862726 0.399312271662 0.665797469925 0.281461982886 -0.726351794061 0.985041268034 -0.0282627744210 1.01090971120 0.463089404080 0.625689236603 0.600938194730 -0.184408371194 0.525410115230 -0.508438224620 0.726275236735 -0.0481984383188 0.427860628622 -0.0486062222631 -0.0486069062847 -0.0486055843224
# dev_log_No:
 0.00000000000 0.00000000000 0.00000000000 0.00000000000 0.00000000000 0.00000000000 0.00000000000 0.00000000000 0.00000000000 0.00000000000 0.00000000000 0.00000000000
# log_F:
 -11.4797397842 -11.4797302818 -10.7865693804 -11.4797045084 -10.7680488882 -11.4405109766 -11.4178256740 -7.75543410254 -7.16132514222 -7.59955448554 -8.26240840445 -9.19560160109 -7.50348478582 -7.39936818090 -7.38545162668 -7.10633709968 -5.75804211494 -4.34101352139 -4.84801419689 -4.74532237929 -7.84858626019 -4.97000440182 -7.25122953889 -7.44190721576 -6.92097946032 -0.643828043589 -0.308671027860 -0.788055577836 -0.814025733394 -0.422617211036 -1.25827159552 -1.23478959719 -0.804062341521 -0.900262025864 -0.536159215661 -0.0554831325493 0.0738089832984 -1.33857233332 -0.841755861397 -0.596264517594 -0.291213970742 0.0212355185027 0.427076523271 0.401720776960 0.592149184140 0.558979200346 0.268867848581 -0.242583544849 0.0468963396047 0.0131490016626 -0.611140096455 -0.183024224797 -0.195656356352 -0.0308574766570 -0.0199728294394 -0.0667729660185 -0.208177945990 -0.104512004676 0.132003512932 0.0723822896510 -0.353425886427
# log_qflo:
 -5.40520927384 -4.76728537926 -4.26587636861 -4.35401301972 -4.36902802518
# log_b:
0.00000000000
# log_Lo:
3.96895470162
# log_cv_edad:
-2.30258509299
