# Number of parameters = 133 Objective function value = 23175.9022451792  Maximum gradient component = 0.154827832171114
# log_L50:
 1.40917371453612 1.44916387089352
# log_sigma1:
 -4.40735652178960 -1.69913249949080
# log_sigma2:
 9.20000000000000 9.20000000000000
# log_Ro:
4.69395088056
# dev_log_Ro:
 -0.166859816758 -0.186797153755 -0.209208995785 -0.234212120068 -0.262076231317 -0.292978683399 -0.326854640593 -0.363919598727 -0.404281527868 -0.448372511855 -0.496630580874 -0.549131276703 -0.606046568857 -0.668051954544 -0.726308928186 -0.779505461643 -0.833713837376 -0.855303311484 -0.843371774357 -0.798060822229 -0.728966878953 -0.663514674194 -0.429491009583 1.21933858471 0.257705537387 0.155903116022 0.923267653025 0.842349851168 0.112615453551 -0.0226597430480 -0.0526046786553 0.0654585783711 0.754816392879 1.05652423913 -0.187048341877 1.07893143212 1.13024898676 0.630410515252 0.606422807964 0.435048011482 -1.80426727491 0.758706705947 0.316847926284 0.585783280931 0.201324922948 -0.785520386219 0.901700756004 -0.0840885218805 0.918550684909 0.387610374343 0.539475353549 0.515571943794 -0.249372704539 0.439811994424 -0.564409074372 0.638257058531 -0.120289802192 0.362841154952 -0.0305350640198 -0.0305357291593 -0.0305336364558
# dev_log_No:
 0.00000000000 0.00000000000 0.00000000000 0.00000000000 0.00000000000 0.00000000000 0.00000000000 0.00000000000 0.00000000000 0.00000000000 0.00000000000 0.00000000000
# log_F:
 -11.4103555467 -11.4103456396 -10.7171839903 -11.4103186736 -10.7022336714 -11.3787237896 -11.3604530071 -7.70276892967 -7.11357107083 -7.55684546476 -8.22480109670 -9.16305567593 -7.47586720622 -7.37613260882 -7.36601459793 -7.09007344473 -5.74429615516 -4.32913493548 -4.83724706139 -4.73516114472 -7.83829033398 -4.95944891212 -7.24036699428 -7.43134315125 -6.91149922539 -0.642709976052 -0.329389532854 -0.827700075243 -0.850701882225 -0.464181085511 -1.30151539599 -1.26932203496 -0.831120720821 -0.918235307832 -0.556069275161 -0.0874795430471 0.0403482454124 -1.37259547241 -0.874298737458 -0.621721713295 -0.310649598726 0.00723710018981 0.415488462316 0.390422896956 0.579609988825 0.544031100238 0.249649910011 -0.262297303224 0.0242450531553 -0.0118336000426 -0.636524029021 -0.206128881547 -0.215592352172 -0.0520176145546 -0.0398932921581 -0.0889853008849 -0.230347032030 -0.125482416356 0.109003322455 0.0458638067020 -0.391290011300
# log_qflo:
 -5.43451997145 -4.77984510192 -4.28293646479 -4.37833659312 -4.39339733691
# log_b:
0.00000000000
# log_Lo:
3.96895326961
# log_cv_edad:
-2.30258509299
