# Number of parameters = 133 Objective function value = 23168.8624861928  Maximum gradient component = 0.0188504247350485
# log_L50:
 1.39932045823211 1.44825779773476
# log_sigma1:
 -5.55700635188950 -1.71843202995503
# log_sigma2:
 9.20000000000000 9.20000000000000
# log_Ro:
4.88650100927
# dev_log_Ro:
 -0.0909395000570 -0.104332121338 -0.119896635803 -0.137877689122 -0.158617954237 -0.182431619109 -0.209481383640 -0.240127435768 -0.274658136608 -0.313638666625 -0.357696772069 -0.407096325807 -0.462199447367 -0.523780231791 -0.584542887834 -0.643560559069 -0.705580782115 -0.735243236936 -0.730911751596 -0.691563399886 -0.626544326864 -0.565883577947 -0.314701085423 1.17192039238 0.210356708629 0.113011180525 0.886879054964 0.791662692163 0.0532306440806 -0.0940963162943 -0.0898056141611 0.0157741455708 0.675047284655 1.00095092780 -0.219818426009 1.00617094122 1.04893058476 0.538877153829 0.510818995297 0.342353655368 -1.86382234160 0.649543409622 0.211216409819 0.485140820152 0.103170019001 -0.862574449868 0.799745754411 -0.156350138596 0.804743560404 0.291712172848 0.431552133058 0.409806636049 -0.332768428784 0.334685184059 -0.639626703656 0.529324122782 -0.211746941470 0.282482447817 -0.0157305472866 -0.0157307654812 -0.0157308310489
# dev_log_No:
 0.00000000000 0.00000000000 0.00000000000 0.00000000000 0.00000000000 0.00000000000 0.00000000000 0.00000000000 0.00000000000 0.00000000000 0.00000000000 0.00000000000
# log_F:
 -11.3169239448 -11.3169131809 -10.6237506908 -11.3168848611 -10.6136271981 -11.2955408019 -11.2831947234 -7.63182366146 -7.04922333383 -7.49930526803 -8.17418122255 -9.11934182315 -7.43891650888 -7.34538026495 -7.34082917851 -7.06973774052 -5.72801051032 -4.31607063237 -4.82644958971 -4.72581864745 -7.82924605803 -4.95037909157 -7.23123330649 -7.42301338430 -6.90522403760 -0.649322855475 -0.378359512189 -0.888890667065 -0.910608402716 -0.530549926547 -1.37030455897 -1.32554374984 -0.876509098488 -0.951496013582 -0.589891005509 -0.134275055904 -0.0108300279785 -1.42603695070 -0.922643885834 -0.660593443752 -0.340685770770 -0.0142657768229 0.397524666893 0.372360375384 0.558291401862 0.519260811552 0.218493532758 -0.294220031127 -0.0115610888340 -0.0527349882505 -0.676441629370 -0.242499694792 -0.247576539787 -0.0849633670630 -0.0718551268231 -0.123814492312 -0.265439147696 -0.158341741290 0.0728662053691 0.00478578453276 -0.445647261344
# log_qflo:
 -5.47918199562 -4.79930294523 -4.31094554215 -4.41694626261 -4.43095143160
# log_b:
0.00000000000
# log_Lo:
3.96898462127
# log_cv_edad:
-2.30258509299
