# Number of parameters = 133 Objective function value = 23187.3135002823  Maximum gradient component = 0.000919266637777768
# log_L50:
 1.39278615029208 1.44920434695658
# log_sigma1:
 -5.61446037555038 -1.69255280201350
# log_sigma2:
 9.20000000000000 9.20000000000000
# log_Ro:
4.48159536556
# dev_log_Ro:
 -0.297563247552 -0.324323211099 -0.353414419051 -0.384748830848 -0.418534764973 -0.454802529666 -0.493293425500 -0.534116824592 -0.577263380339 -0.623104505271 -0.671946620962 -0.723794703340 -0.778732668561 -0.837417075837 -0.889756576199 -0.934056057712 -0.977735846111 -0.989230491336 -0.968073354883 -0.915019275372 -0.839323136555 -0.765452642953 -0.541359224494 1.27661845536 0.343285916694 0.220262038146 0.985554561950 0.920564278074 0.196856717783 0.0772693510490 -0.00844333177467 0.124008331180 0.861919826149 1.13888432218 -0.145236491311 1.17767874112 1.23566986778 0.744727269619 0.725818548973 0.550958276416 -1.73547302021 0.891319125664 0.445297146994 0.710848747040 0.327362384322 -0.694238794314 1.03275781502 0.00202388382043 1.06363749183 0.505129086504 0.674353738404 0.649512172967 -0.148642482039 0.574426383331 -0.478858202910 0.776392910495 -0.00813306822939 0.464781317269 -0.0619435001305 -0.0619435006647 -0.0619435013424
# dev_log_No:
 0.00000000000 0.00000000000 0.00000000000 0.00000000000 0.00000000000 0.00000000000 0.00000000000 0.00000000000 0.00000000000 0.00000000000 0.00000000000 0.00000000000
# log_F:
 -11.5166472534 -11.5166380524 -10.8234774798 -11.5166128245 -10.8032200566 -11.4737118723 -11.4488543667 -7.78413225612 -7.18757881733 -7.62328359334 -8.28356846472 -9.21419544667 -7.51956033634 -7.41322346139 -7.39740167786 -7.11671544617 -5.76719364832 -4.34927998003 -4.85580429256 -4.75286058524 -7.85622304125 -4.97776105295 -7.25913426078 -7.44963591451 -6.92814166547 -0.646767905562 -0.303026515241 -0.768379916371 -0.796882577467 -0.402800558530 -1.23764657075 -1.21873710147 -0.791934910239 -0.893220102455 -0.527370868403 -0.0388157241967 0.0904009786728 -1.32215469363 -0.825247565069 -0.583653648720 -0.281690526354 0.0281404391779 0.432746765415 0.407098701803 0.597757165796 0.565894151040 0.277925347947 -0.233285552916 0.0578483417741 0.0247532667548 -0.598834793617 -0.171854633389 -0.186188295188 -0.0205098744979 -0.0105154032560 -0.0559823333912 -0.197521759866 -0.0942989482005 0.143143718647 0.0854117602474 -0.333657702371
# log_qflo:
 -5.39066047276 -4.76113104853 -4.25793707325 -4.34233861105 -4.35701427574
# log_b:
0.00000000000
# log_Lo:
3.96896853152
# log_cv_edad:
-2.30258509299
