# Number of parameters = 133 Objective function value = 23173.1866645299  Maximum gradient component = 0.0263282308666987
# log_L50:
 1.41717443417122 1.44857005136846
# log_sigma1:
 -4.52781448712251 -1.71050053295326
# log_sigma2:
 9.20000000000000 9.20000000000000
# log_Ro:
4.75992654897
# dev_log_Ro:
 -0.136659300076 -0.154287160979 -0.174331054448 -0.196958378838 -0.222468617060 -0.251087884574 -0.282830282325 -0.317963711804 -0.356642347227 -0.399341675907 -0.446552467605 -0.498403119347 -0.555115120485 -0.617384078855 -0.676862827420 -0.732356619788 -0.789489317922 -0.814007145402 -0.804792421398 -0.761662848057 -0.694199375014 -0.630739804758 -0.391804220347 1.20244186556 0.238476000823 0.139510806096 0.908716724480 0.822914704269 0.0905162730540 -0.0490521196154 -0.0659973768132 0.0477533742611 0.725718432264 1.03552597289 -0.199014743507 1.05228543221 1.10091564529 0.597795412108 0.572365742246 0.402015705534 -1.82511805380 0.720158784724 0.279522730587 0.549953903161 0.166045927701 -0.812697235972 0.865018763413 -0.109644031247 0.877739484693 0.353554336660 0.501001835543 0.477709862793 -0.278886765178 0.402069817035 -0.590670589591 0.599263117495 -0.152791556750 0.334006814606 -0.0243950417955 -0.0243949959426 -0.0243951796466
# dev_log_No:
 0.00000000000 0.00000000000 0.00000000000 0.00000000000 0.00000000000 0.00000000000 0.00000000000 0.00000000000 0.00000000000 0.00000000000 0.00000000000 0.00000000000
# log_F:
 -11.3778434155 -11.3778331334 -10.6846712387 -11.3778056966 -10.6714368771 -11.3498576294 -11.3336965552 -7.67825857366 -7.09140241812 -7.53708353440 -8.20747442793 -9.14814612471 -7.46331137192 -7.36570213999 -7.35746080817 -7.08312213304 -5.73865119465 -4.32449716093 -4.83327259772 -4.73158217819 -7.83472462418 -4.95580321880 -7.23662453747 -7.42779558190 -6.90855030341 -0.643979001760 -0.343592661245 -0.847826940516 -0.870067209953 -0.485806038160 -1.32397230005 -1.28754836291 -0.845709982569 -0.928635658100 -0.566892053790 -0.103147782188 0.0234315421756 -1.39012325895 -0.890442792009 -0.634587042409 -0.320550110301 0.000135988430426 0.409574633214 0.384540359769 0.572806927903 0.536057186272 0.239558110245 -0.272639802701 0.0125486227744 -0.0250527626730 -0.649589074746 -0.218032290651 -0.225996813118 -0.0628327600851 -0.0502898627451 -0.100395040088 -0.241811836696 -0.136243536186 0.0971840787509 0.0323509789702 -0.409642094233
# log_qflo:
 -5.44930990962 -4.78625018589 -4.29197345133 -4.39093666815 -4.40577075485
# log_b:
0.00000000000
# log_Lo:
3.96896030068
# log_cv_edad:
-2.30258509299
