# Number of parameters = 133 Objective function value = 23165.6570799915  Maximum gradient component = 0.00435374158280102
# log_L50:
 1.38898991010197 1.44128198430165
# log_sigma1:
 -6.52363831888536 -1.84368212947558
# log_sigma2:
 9.20000000000000 9.20000000000000
# log_Ro:
5.00722571655
# dev_log_Ro:
 -0.0600084562086 -0.0698814413267 -0.0815916905648 -0.0954130379224 -0.111706780525 -0.130837413088 -0.153084535107 -0.178888296186 -0.208662511554 -0.243075111038 -0.282898657686 -0.328574247793 -0.380650701366 -0.440037813228 -0.500580705153 -0.561654808469 -0.627228300275 -0.661044280023 -0.660862838798 -0.624561058097 -0.560985798868 -0.501563452480 -0.234850671703 1.14542192150 0.193634303393 0.0938286833897 0.873210222692 0.768875934441 0.0236446517327 -0.130694738424 -0.109332094382 -0.0115415419899 0.632669298114 0.974589466657 -0.236650471382 0.967995910694 1.00434395385 0.486950292316 0.456516593873 0.289749342309 -1.89885812796 0.586094725611 0.149970610188 0.427957414837 0.0488867931269 -0.907082768630 0.743479002537 -0.197721941885 0.741312342181 0.236976912432 0.370482715422 0.350582185420 -0.380644827000 0.276246223139 -0.684249070874 0.468366825097 -0.263783933318 0.237950662258 -0.0101782879562 -0.0101782880452 -0.0101782878933
# dev_log_No:
 0.00000000000 0.00000000000 0.00000000000 0.00000000000 0.00000000000 0.00000000000 0.00000000000 0.00000000000 0.00000000000 0.00000000000 0.00000000000 0.00000000000
# log_F:
 -11.2610724262 -11.2610612146 -10.5678981770 -11.2610321263 -10.5603523242 -11.2451532232 -11.2359629558 -7.58797150569 -7.00893880669 -7.46276043833 -8.14151108736 -9.09062270248 -7.41415779489 -7.32441442816 -7.32344150498 -7.05564398434 -5.71684610839 -4.30741530115 -4.81980419177 -4.72065283304 -7.82478645829 -4.94635013635 -7.22762509712 -7.42040030752 -6.90451364398 -0.657732050494 -0.420493173426 -0.931185201893 -0.953364616197 -0.577109895401 -1.41829678424 -1.36526262598 -0.909029562524 -0.976433160107 -0.614360738261 -0.165477482662 -0.0456704965408 -1.46292339150 -0.954825286990 -0.686948939117 -0.361222673233 -0.0289160591860 0.385203694651 0.359685889594 0.542662580647 0.501381428481 0.196308388702 -0.316920794952 -0.0366438498093 -0.0819553924211 -0.704234023746 -0.267844864736 -0.270127303818 -0.107786832806 -0.0944015226973 -0.148032788307 -0.289990784949 -0.181214635697 0.0476309339906 -0.0235594344256 -0.481142031810
# log_qflo:
 -5.50942976684 -4.81265757233 -4.33104873594 -4.44400860685 -4.45677489610
# log_b:
0.00000000000
# log_Lo:
3.96902144444
# log_cv_edad:
-2.30258509299
