# Number of parameters = 133 Objective function value = 23176.6009420888  Maximum gradient component = 1.30224715639185e-05
# log_L50:
 1.60948339056969 1.13247009793799
# log_sigma1:
 -0.868648181525114 -16.5367120233889
# log_sigma2:
 9.20000000000000 9.20000000000000
# log_Ro:
5.08428165376
# dev_log_Ro:
 -0.0400962444463 -0.0472791262694 -0.0559632871073 -0.0664214379457 -0.0790043752855 -0.0940940065025 -0.112038415434 -0.133325414521 -0.158456915806 -0.188168831201 -0.223282626217 -0.264555036211 -0.312569955025 -0.368459004897 -0.427201526459 -0.488921187313 -0.556409273326 -0.597608641782 -0.607519690069 -0.583537907917 -0.531276810587 -0.474962910752 -0.209861786024 0.837706901083 0.539423469687 -0.380328112500 0.862977998781 0.834750145429 0.151734199834 -0.0685263012422 -0.183053765443 -0.291385935343 0.504572865387 0.862737536339 0.0894380428641 0.773139991679 1.01899823175 0.493067695465 0.449602009560 0.399401445773 -1.56963643754 0.309931577291 0.182242054955 0.329372288989 0.162360867188 -0.826233676133 0.539557434417 -0.103153243450 0.640285633868 0.141494666301 0.334835752250 0.360684145481 -0.431108941254 0.244934883247 -0.865068943324 0.441057205788 -0.402996144524 0.259658668283 -0.00715326387073 -0.00715326741332 -0.00715326854968
# dev_log_No:
 0.00000000000 0.00000000000 0.00000000000 0.00000000000 0.00000000000 0.00000000000 0.00000000000 0.00000000000 0.00000000000 0.00000000000 0.00000000000 0.00000000000
# log_F:
 -11.2067558890 -11.2067442509 -10.5135806838 -11.2063669824 -10.5075188722 -11.1944006728 -11.1875076749 -7.54199834970 -6.96561173829 -7.42224608451 -8.10396026339 -9.05614507023 -7.38281053055 -7.29613211226 -7.29813111708 -7.03313710411 -5.69689306059 -4.28971549128 -4.80397627046 -4.70624327423 -7.81130083586 -4.93331443042 -7.21455302123 -7.40700457974 -6.89046188930 -0.650257151561 -0.479208397942 -0.740684046145 -0.911746680625 -0.426717255003 -1.33416086527 -1.33409966848 -0.905326212898 -0.986459685346 -0.600172467916 -0.0658541012621 0.0839806013893 -1.29334842739 -0.925004668425 -0.576978459605 -0.283549179947 0.0486735066232 0.453344134575 0.357352365837 -0.0235035967738 0.0970205951072 -0.292851194441 -0.705158616607 -0.245986953042 -0.660051046410 -0.892718176894 -0.681663020029 -0.479770180869 -0.391205995485 -0.445603767574 -0.312100965767 -0.717200273216 -0.250745245851 -0.470570562203 -0.201765815961 -0.907063722604
# log_qflo:
 -5.40265638052 -4.75836714658 -4.80669830090 -4.79755499753 -4.75421261736
# log_b:
0.00000000000
# log_Lo:
3.99690328272
# log_cv_edad:
-2.30258509299
