# Number of parameters = 132 Objective function value = 23253.5421307530  Maximum gradient component = 3.04371551487169e-05
# log_L50:
 -11.1891378081281 -8.21532997055521
# log_sigma1:
 -40.2044040424860 -21.7349683477827
# log_sigma2:
 9.20000000000000 9.20000000000000
# log_Ro:
4.81500000000
# dev_log_Ro:
 0.628991768373 0.564336056420 0.493774032038 0.415350161404 0.331859863006 0.243594685784 0.150986108071 0.0541893535600 -0.0465044092146 -0.150921388324 -0.258681711614 -0.369700504029 -0.483922979293 -0.601213665225 -0.712417449401 -0.819579705866 -0.925953113846 -1.02230356457 -1.09637297785 -1.14918900343 -1.17300803945 -1.15969862083 -1.09548428509 -0.975615054418 -0.820323266949 -0.347249099256 0.625298272989 -0.337534266803 -0.223138605394 0.521428062316 0.147049124897 -0.576781417275 -0.797385906878 -0.269051469183 0.654444803333 0.293234859129 0.959788261136 -0.496232971511 0.688939742599 0.562669466953 0.0166869699611 -0.107858193344 -0.159297814972 0.158755142782 0.467217795167 0.914713105344 0.800622267424 0.174366782849 0.764772629571 0.211820271834 1.11207179539 0.534938698032 0.573372911985 0.438156640018 -0.0625227826269 0.294084713972 -0.274387446433 0.637890223556 0.115610776499 0.766874923240 1.19443944345
# dev_log_No:
 0.00000000000 0.00000000000 0.00000000000 0.00000000000 0.00000000000 0.00000000000 0.00000000000 0.00000000000 0.00000000000 0.00000000000 0.00000000000 0.00000000000
# log_F:
 -11.9261200159 -12.0109204661 -11.3843943147 -12.1273416873 -11.4689783288 -12.1831308797 -12.1915700950 -8.55089826027 -7.97014974201 -8.41406841757 -9.07556253939 -10.0011211876 -8.29594235727 -8.17191195353 -8.13227190807 -7.82309316065 -6.44201989544 -4.99233139163 -5.46607820250 -5.32775380922 -8.39458089925 -5.47893299878 -7.72491662021 -7.88148429013 -7.33249824455 -1.08590965301 -1.04315732913 -1.24806300543 -1.24502999239 -0.894877128548 -1.63017391695 -1.42450208017 -0.914346887472 -0.920142909133 -0.622882255478 -0.784855933002 -0.556098383832 -1.83569628701 -1.36687888101 -0.966382601234 -0.556532216451 -0.231862701382 0.250738916180 0.411817538273 0.382685462825 0.540747069394 0.128201932390 -0.357864481230 0.138873247901 -0.135505689116 -0.469815102879 -0.286997430967 -0.117354400524 -0.0605354822994 -0.113678075836 0.0108977212000 -0.311467413750 0.0834081616343 0.00571513810719 0.202301010292 -0.633519396128
# log_qflo:
 -5.88358826313 -4.93469657022 -4.36380548928 -4.34737862947 -4.37781661449
# log_b:
0.00000000000
# log_Lo:
4.21320494333
# log_cv_edad:
-2.30258509299
