# Number of parameters = 132 Objective function value = 23212.6434749085  Maximum gradient component = 7.32011541982318e-05
# log_L50:
 1.10077556450406 1.09869508187862
# log_sigma1:
 -7.13244298194799 -12.6652974698751
# log_sigma2:
 9.20000000000000 9.20000000000000
# log_Ro:
4.78000000000
# dev_log_Ro:
 0.0142205713385 -0.00748875020878 -0.0322618555873 -0.0603985655591 -0.0921573148065 -0.127813994676 -0.167453463630 -0.211275940050 -0.259425838001 -0.312217574508 -0.369847932096 -0.432856088246 -0.500969437740 -0.574380552336 -0.644956745108 -0.716899842388 -0.790417885083 -0.835985135746 -0.840329551432 -0.803822453072 -0.719008287297 -0.590315595614 -0.464946281204 0.0358562094416 1.37022921928 -0.533554986857 0.0429827140787 0.889310677894 0.464507191916 -0.434869426522 -0.600885458071 -0.210789761396 1.21441761822 0.190855288481 1.23840223049 -0.679236949459 0.954958490438 0.908672609917 0.287194698287 0.184828080485 0.101315644206 0.327717292319 0.322497888492 0.379375297548 0.279933039341 -0.552150278403 0.442744166371 0.0907463519541 0.704126443929 0.357980938113 0.510855769460 0.487273405877 -0.175656890704 0.232234242133 -0.433704066363 0.378875925479 -0.0407200585657 0.358219007823 0.148821989586 0.148821960830 0.148821997006
# dev_log_No:
 0.00000000000 0.00000000000 0.00000000000 0.00000000000 0.00000000000 0.00000000000 0.00000000000 0.00000000000 0.00000000000 0.00000000000 0.00000000000 0.00000000000
# log_F:
 -11.4661555947 -11.4661461923 -10.7729855604 -11.4676001153 -10.7736454763 -11.4634524062 -11.4573706155 -7.81056406009 -7.23079377412 -7.68191515377 -8.35603475899 -9.29875365242 -7.61436399672 -7.51517371191 -7.50353005430 -7.22420502369 -5.87349338946 -4.45316126506 -4.95520276796 -4.84525252808 -7.94081125496 -5.05579414019 -7.33314305068 -7.52478735533 -7.01313493321 -0.793684530630 -0.704147438129 -1.24990839131 -1.16925548063 -0.817861223093 -1.59043532390 -1.39674479942 -0.868196003637 -0.835231238506 -0.416242176357 -0.882864975465 -0.527064516455 -1.87073647279 -1.34853039068 -0.979119355019 -0.583662818820 -0.251996812765 0.227658488671 0.390363698319 0.335778509637 0.465267050490 0.0835335570547 -0.395801374850 0.103610237727 -0.195125114084 -0.500407139247 -0.334963087519 -0.157543059068 -0.0934991123623 -0.154835831342 -0.0103227722917 -0.359728831840 0.0713705079052 -0.0222588223292 0.214194752810 -0.581751825607
# log_qflo:
 -5.88199718423 -4.94844334507 -4.42006046759 -4.39263034411 -4.39329176562
# log_b:
0.00000000000
# log_Lo:
4.02837450914
# log_cv_edad:
-2.30258509299
