# Number of parameters = 132 Objective function value = 23554.9727720311  Maximum gradient component = 1.70034643811837e-05
# log_L50:
 -3.66696402790821 1.08899910277496
# log_sigma1:
 -13.9207715773169 -3.12735462443845
# log_sigma2:
 9.20000000000000 9.20000000000000
# log_Ro:
4.84500000000
# dev_log_Ro:
 0.804529265341 0.740427749871 0.670083521872 0.591041446967 0.506787010704 0.417654992426 0.324089764035 0.226246608091 0.124412984532 0.0187490219256 -0.0903822934558 -0.202920882236 -0.318887014362 -0.438019998404 -0.552498547986 -0.666036845818 -0.779930415386 -0.879320663840 -0.950271758677 -0.992762141176 -0.995242381871 -0.942082583557 -0.808312040299 -0.581369127206 -0.277376204266 0.837594857377 0.639576661638 -0.819262503412 -0.0610341959180 0.602119806697 -0.359783807618 -1.09428025369 -1.23384841441 -0.154608727524 1.70182527592 -0.328387548561 0.486610329175 -0.522826660094 0.629152703871 0.312982029445 -0.343337778353 -0.866645001242 0.457093195186 0.173374992743 0.364604060340 0.179694978574 -0.431970001863 0.259932593806 0.0379052458446 0.606225397572 0.360013281093 0.485216538162 0.326283119080 -0.173380301714 -0.00343052932206 -0.337446017680 0.227060961406 0.0324528357145 0.317624616347 1.37214439763 1.37214439655
# dev_log_No:
 0.00000000000 0.00000000000 0.00000000000 0.00000000000 0.00000000000 0.00000000000 0.00000000000 0.00000000000 0.00000000000 0.00000000000 0.00000000000 0.00000000000
# log_F:
 -11.8689145294 -11.9786377313 -11.3741589172 -12.1363678004 -11.4948455755 -12.2236805364 -12.2449215097 -8.61543910707 -8.04450459912 -8.49705064039 -9.16614809120 -10.0984314391 -8.39923574244 -8.28011685051 -8.24453966190 -7.93864798266 -6.56012590100 -5.11262384293 -5.58799969016 -5.45092859533 -8.51872354019 -5.60486520513 -7.85443214205 -8.01912187097 -7.48831909979 -1.32610494658 -1.62480875568 -1.70945910307 -1.68360553197 -1.39361297848 -2.03685437105 -1.69937613413 -1.16478144949 -1.15596190579 -0.882192339054 -1.66991747453 -1.38171095141 -2.29949761638 -1.84455479005 -1.37933558068 -0.871862145061 -0.542798091305 0.0568511071535 -0.402225382047 0.633482949164 0.699999986576 0.380826543453 -0.148207434369 0.339501139747 0.153339774428 -0.194393130384 -0.0603310441913 0.0849478589280 0.132291229667 0.0678709618047 0.191576379597 -0.0779493104397 0.280876064670 0.277684758110 0.448721064727 -0.460462672932
# log_qflo:
 -6.39261875476 -5.42983111263 -4.10462266769 -4.08053059423 -4.14934639047
# log_b:
0.00000000000
# log_Lo:
4.14954641089
# log_cv_edad:
-2.30258509299
