# Number of parameters = 132 Objective function value = 23184.8491649110  Maximum gradient component = 3.87518512639372e-05
# log_L50:
 1.60947504647955 1.18968334149839
# log_sigma1:
 -0.877508087047575 -6.21770337443706
# log_sigma2:
 9.20000000000000 9.20000000000000
# log_Ro:
4.79000000000
# dev_log_Ro:
 -0.134321553448 -0.148901130703 -0.165687900107 -0.184872961259 -0.206783030918 -0.231687047264 -0.259695147744 -0.291108004126 -0.326159646861 -0.365355461008 -0.409183731183 -0.458016161685 -0.511960436877 -0.571823370346 -0.630162729600 -0.686647507130 -0.745342322514 -0.775064034561 -0.772031660034 -0.735883721313 -0.673427131550 -0.608220125528 -0.356063757951 0.878427332073 0.614684636553 -0.312452254988 0.902075814153 0.888661677823 0.223043366542 0.0340864259393 -0.140385211029 -0.245821871702 0.622222105772 0.932448023571 0.129728508384 0.877325922041 1.12917460663 0.621718446930 0.587786717911 0.524522134194 -1.53354340672 0.463363911011 0.337530828424 0.470594501542 0.297395226906 -0.706078108161 0.674823477884 0.0139831812358 0.793436262095 0.285181368028 0.488707511675 0.513619973999 -0.302192305535 0.389965749405 -0.756238025383 0.596720271702 -0.282337439995 0.380620485424 -0.0481337675841 -0.0481337840946 -0.0481337189530
# dev_log_No:
 0.00000000000 0.00000000000 0.00000000000 0.00000000000 0.00000000000 0.00000000000 0.00000000000 0.00000000000 0.00000000000 0.00000000000 0.00000000000 0.00000000000
# log_F:
 -11.3439379489 -11.3439274084 -10.6507650992 -11.3431227609 -10.6359117902 -11.3138617134 -11.2976075494 -7.64243365390 -7.05617665334 -7.50277940447 -8.17438721565 -9.11652344897 -7.43334209191 -7.33747851641 -7.33102724928 -7.05845360326 -5.71565815484 -4.30303176874 -4.81313397061 -4.71263136095 -7.81680295452 -4.93881725761 -7.22040260293 -7.41241134232 -6.89408144965 -0.636227240667 -0.401271976693 -0.632068671401 -0.814662134329 -0.317982216794 -1.21929796440 -1.23878953180 -0.828024022850 -0.931484563795 -0.547392542125 0.0109781015647 0.170651951604 -1.20371438981 -0.837952612630 -0.511102075561 -0.232940106363 0.0863905146170 0.486920083326 0.392647122971 0.0339342349152 0.159982610727 -0.217681782556 -0.628361643183 -0.158253078152 -0.570539901617 -0.801553815904 -0.606032067307 -0.406454386451 -0.318536001395 -0.376084537635 -0.233247172266 -0.645392483700 -0.168852972054 -0.398904254081 -0.107299864030 -0.798169416456
# log_qflo:
 -5.32571681327 -4.72135727582 -4.73669281707 -4.71070840894 -4.67222918270
# log_b:
0.00000000000
# log_Lo:
3.99664645375
# log_cv_edad:
-2.30258509299
