# Number of parameters = 132 Objective function value = 23250.2961511391  Maximum gradient component = 8.80294471473876e-05
# log_L50:
 -2.34533224103311 -2.56305750204839
# log_sigma1:
 -8.08598475088125 -13.7011188259302
# log_sigma2:
 9.20000000000000 9.20000000000000
# log_Ro:
4.79500000000
# dev_log_Ro:
 0.584354933671 0.523155686374 0.456174828945 0.381661690112 0.301997817754 0.217451001800 0.128435552046 0.0350949423772 -0.0622864384402 -0.163539152426 -0.268285370041 -0.376441015667 -0.487954954508 -0.602697524982 -0.711553267393 -0.816579058038 -0.921068084876 -1.01565735233 -1.08791769042 -1.13889128583 -1.16085625955 -1.14576756033 -1.08001981355 -0.959496295983 -0.806287631252 -0.329278428010 0.675591922372 -0.353675745449 -0.205467982836 0.541436909963 0.163681416701 -0.570450801028 -0.791586066392 -0.258867358037 0.692691388851 0.292319082426 0.984951715304 -0.509853061944 0.706742028423 0.579792510286 0.0291579002078 -0.0943024868214 -0.145199046062 0.173983317885 0.474142137657 0.915705959265 0.796407282310 0.159926799504 0.767527101612 0.215397913960 1.11238717181 0.534478413623 0.578094692798 0.445921940453 -0.0591664111138 0.303549096858 -0.273411715374 0.642400138632 0.116501758180 0.763503360155 1.10193944637
# dev_log_No:
 0.00000000000 0.00000000000 0.00000000000 0.00000000000 0.00000000000 0.00000000000 0.00000000000 0.00000000000 0.00000000000 0.00000000000 0.00000000000 0.00000000000
# log_F:
 -11.9058933667 -11.9830480121 -11.3509175294 -12.0898351635 -11.4286325782 -12.1408808127 -12.1481490803 -8.50687802275 -7.92597615342 -8.37009849217 -9.03208370566 -9.95835957470 -8.25407027572 -8.13114846331 -8.09277838659 -7.78498851075 -6.40537233451 -4.95710480371 -5.43225729845 -5.29546130733 -8.36393585016 -5.45009333613 -7.69796338623 -7.85666058380 -7.30996470075 -1.06513265105 -1.01983131022 -1.24786613176 -1.23837250974 -0.887971014920 -1.62636101485 -1.42142191281 -0.909641109122 -0.911970825130 -0.611481793972 -0.792918839261 -0.555952747041 -1.83937624599 -1.36666895398 -0.968045607408 -0.559472706971 -0.234805670161 0.246961135971 0.406469311600 0.373212110417 0.530374123449 0.120181853297 -0.364476561661 0.132039565238 -0.143906501228 -0.476326968916 -0.292948331638 -0.122050891843 -0.0648823467577 -0.118406770426 0.00690264697533 -0.317368624921 0.0793356408383 0.00255694044963 0.202418273331 -0.627218287464
# log_qflo:
 -5.88460487529 -4.93857732282 -4.37359188625 -4.35466020956 -4.38042822831
# log_b:
0.00000000000
# log_Lo:
4.21304272106
# log_cv_edad:
-2.30258509299
