# Number of parameters = 132 Objective function value = 23196.0003450653  Maximum gradient component = 147.673613070069
# log_L50:
 1.14691855595768 1.00950617057111
# log_sigma1:
 -3.05511383432195 -11.8863355152228
# log_sigma2:
 9.20000000000000 9.20000000000000
# log_Ro:
4.78500000000
# dev_log_Ro:
 0.345127570387 0.307090492721 0.264511999064 0.216608326759 0.163531352938 0.105416883195 0.0425462811370 -0.0251985806018 -0.0976793946872 -0.174941169199 -0.256729921933 -0.343286139850 -0.434429351576 -0.530127001119 -0.620093508954 -0.707594129883 -0.792642629242 -0.857691258584 -0.890981850873 -0.895216964555 -0.864716083451 -0.799849252242 -0.717264071159 -0.438843031613 0.202676138325 0.522510922204 -0.0913139501366 0.680122408282 0.671386997155 0.0870194289165 -0.0960352404070 -0.242733335489 -0.314500466751 0.505288380903 0.672791210708 0.0294333493266 0.830574185649 0.971410062559 0.556903962901 0.472242291471 0.285046311968 -1.69336817551 0.340674533689 0.224011757311 0.459332503630 0.237798323443 -0.711775847598 0.641013307313 -0.0222019442075 0.731752113610 0.214335946764 0.396566648399 0.372703036101 -0.362413822009 0.284429729780 -0.760267262440 0.558818602293 -0.285896794062 0.411711423477 0.611178128794 0.611226566963
# dev_log_No:
 0.00000000000 0.00000000000 0.00000000000 0.00000000000 0.00000000000 0.00000000000 0.00000000000 0.00000000000 0.00000000000 0.00000000000 0.00000000000 0.00000000000
# log_F:
 -11.5435669888 -11.5435582822 -10.8503991705 -11.5874627968 -10.9296533626 -11.6494216507 -11.6676275896 -8.03983520662 -7.47429042221 -7.93527223111 -8.61529430153 -9.56043231650 -7.87548813935 -7.77239924564 -7.75416545903 -7.46612203843 -6.10520782741 -4.67439284499 -5.16568324879 -5.04406109209 -8.12661773595 -5.22652219445 -7.48631636553 -7.65531729581 -7.11457956680 -0.855273014849 -0.668234013059 -0.543852898742 -0.808690317568 -0.390835728959 -1.22203149234 -1.21688256962 -0.804347898166 -0.913907112295 -0.540624162387 0.0465402188370 0.213749775207 -1.12659256707 -0.741957831820 -0.478353175526 -0.200003262842 0.106128578519 0.487236679035 0.363783162584 -0.00803757289373 0.116440709893 -0.259238032526 -0.653576862110 -0.211627387904 -0.616604135760 -0.861568258398 -0.636965792293 -0.452754853521 -0.359327590432 -0.406327860661 -0.293823111699 -0.685401376195 -0.257037027593 -0.469192320079 -0.241200532343 -0.963166122783
# log_qflo:
 -5.26958126627 -4.72829440810 -4.78176621731 -4.76369227497 -4.75573675244
# log_b:
0.00000000000
# log_Lo:
4.09743316321
# log_cv_edad:
-2.30258509299
