# Number of parameters = 132 Objective function value = 23245.8546911390  Maximum gradient component = 0.000148826811602667
# log_L50:
 0.613667591054320 -0.440270967154618
# log_sigma1:
 2.87102730133103 -7.57719165471491
# log_sigma2:
 9.20000000000000 9.20000000000000
# log_Ro:
4.76500000000
# dev_log_Ro:
 0.516082442537 0.460000043970 0.398346028366 0.329649882416 0.255734102006 0.176817572955 0.0932792099832 0.00523663560778 -0.0870453191757 -0.183407537188 -0.283481588836 -0.387188179918 -0.494484646453 -0.605254458983 -0.710462278618 -0.812176363779 -0.913732022181 -1.00558039893 -1.07503745919 -1.12316462839 -1.14228120409 -1.12447652845 -1.05642418309 -0.935018127293 -0.785307052464 -0.303139146051 0.749487789972 -0.379518972430 -0.178780404934 0.571287193808 0.188740736495 -0.560887133958 -0.782454378248 -0.245615093137 0.749054332326 0.289624227270 1.02272132791 -0.531031390217 0.733627886849 0.605651680756 0.0479693897177 -0.0736541592647 -0.123788113600 0.196909382875 0.485125424678 0.918087942214 0.791915401047 0.140629147487 0.772733577624 0.221404196349 1.11407138012 0.534993348811 0.586118157674 0.458318801582 -0.0533958921799 0.318311010094 -0.271312847578 0.649968216616 0.118636152951 0.759416392378 0.968150493181
# dev_log_No:
 0.00000000000 0.00000000000 0.00000000000 0.00000000000 0.00000000000 0.00000000000 0.00000000000 0.00000000000 0.00000000000 0.00000000000 0.00000000000 0.00000000000
# log_F:
 -11.8755747554 -11.9415768501 -11.3010708981 -12.0338344372 -11.3682044031 -12.0774142721 -12.0827563783 -8.44044128201 -7.85919367989 -8.30353673317 -8.96620384144 -9.89352788628 -8.19056839102 -8.06932566755 -8.03289424287 -7.72723468598 -6.34985934850 -4.90377772531 -5.38109774393 -5.24666530740 -8.31769446572 -5.40665226848 -7.65745042281 -7.81944764394 -7.27628309935 -1.03395472745 -0.984468006861 -1.24800707426 -1.22895770039 -0.878152944545 -1.62106501621 -1.41720543638 -0.903046950650 -0.900372694307 -0.594156767424 -0.804791594709 -0.555385703222 -1.84468287061 -1.36618609690 -0.970366964075 -0.563683375400 -0.238944623352 0.241643342961 0.398964547652 0.360007026232 0.515933443940 0.109006768941 -0.373811583694 0.122549437319 -0.155676438457 -0.485292783983 -0.301294462856 -0.128568222260 -0.0709309101547 -0.125088653560 0.00139342543855 -0.325712083867 0.0738077718064 -0.00185219805716 0.202876041789 -0.617701501589
# log_qflo:
 -5.88593805550 -4.94396851154 -4.38718985407 -4.36475952500 -4.38389965185
# log_b:
0.00000000000
# log_Lo:
4.21281458174
# log_cv_edad:
-2.30258509299
