# Number of parameters = 132 Objective function value = 23196.3430798990  Maximum gradient component = 9.46084205859254e-05
# log_L50:
 1.01847853944041 1.09857074071431
# log_sigma1:
 -2.16610544090421 -0.450712929769783
# log_sigma2:
 9.20000000000000 9.20000000000000
# log_Ro:
4.75500000000
# dev_log_Ro:
 0.579224849774 0.524437579401 0.464033256377 0.396424492638 0.323496861590 0.245477151253 0.162704918949 0.0753312351946 -0.0163028610590 -0.112123385001 -0.211762573534 -0.315275139484 -0.422538056373 -0.533328386397 -0.637350482207 -0.736950071908 -0.836673872604 -0.920690434234 -0.980030050239 -1.01294529064 -1.01616937804 -0.979519241202 -0.899799245652 -0.791103860880 -0.445493517213 0.391320388789 0.238386491123 -0.143519519909 0.632361302868 0.494167199248 -0.153368716590 -0.340247528206 -0.224039311800 -0.0635158531092 0.483317610919 0.803583714508 -0.166406128383 0.806741788092 0.837984077889 0.345679611184 0.261239539611 0.0952349456164 -1.73237833492 0.548801217983 0.165918650534 0.884784242172 0.0939764739250 -0.442303162179 0.808912047557 0.0615981591697 0.897716172841 0.312787709844 0.365858270518 0.215514705697 -0.210025358088 0.182466950457 -0.339166904594 0.517939383060 -0.0116035797811 0.457541868223 1.01966737723
# dev_log_No:
 0.00000000000 0.00000000000 0.00000000000 0.00000000000 0.00000000000 0.00000000000 0.00000000000 0.00000000000 0.00000000000 0.00000000000 0.00000000000 0.00000000000
# log_F:
 -11.7001853222 -11.7001778968 -11.0866544862 -11.8427995264 -11.1971898661 -11.9240072972 -11.9448832239 -8.31629715771 -7.74723616164 -8.20246323079 -8.87492121668 -9.81107648705 -8.11611167705 -8.00187034268 -7.97165010753 -7.67105909556 -6.29796436840 -4.85564701141 -5.33581158292 -5.20330556664 -8.27556796063 -5.36501323835 -7.61493301164 -7.77399648641 -7.22442687367 -0.959852537595 -0.827711481765 -0.858346461053 -0.991902942488 -0.607383325451 -1.39698618008 -1.30563689905 -0.852101251681 -0.919716206052 -0.590105014791 -0.219779166054 -0.0822693038056 -1.44439151690 -1.00566081508 -0.695757604680 -0.348943945673 -0.0297091130422 0.390118478256 0.391725063006 0.673829667146 0.576495148670 0.293264634779 -0.249907373128 0.0121431927311 0.0592174357436 -0.660780874700 -0.203180739118 -0.202526411305 -0.0667035389818 -0.0290558144485 -0.102013604551 -0.229939904407 -0.155531640967 0.0950733033385 -0.0298388989453 -0.578675616413
# log_qflo:
 -5.53210807932 -4.81067559639 -4.23383345691 -4.37002752747 -4.43381052409
# log_b:
0.00000000000
# log_Lo:
4.16572261421
# log_cv_edad:
-2.30258509299
