# Number of parameters = 132 Objective function value = 23529.9362392380  Maximum gradient component = 2741.52804627076
# log_L50:
 -7.51158315490946 0.708090257379883
# log_sigma1:
 -21.5206839548874 -4.40905431489517
# log_sigma2:
 9.20000000000000 9.20000000000000
# log_Ro:
4.82000000000
# dev_log_Ro:
 0.753683561290 0.693360770094 0.626899465496 0.551855045176 0.471797288182 0.386598653596 0.296684442496 0.202600782105 0.104108412777 0.00188595104249 -0.104099687003 -0.213612222429 -0.326730628730 -0.443185641946 -0.555182423651 -0.666460773529 -0.778317678973 -0.875824314623 -0.944892946015 -0.985467557204 -0.986068049668 -0.931273348105 -0.796537575777 -0.570541318643 -0.271411358222 0.901787888071 0.648236544968 -0.821954455868 -0.0460835821101 0.630038565491 -0.349585834452 -1.08961923856 -1.23127536724 -0.148325967804 1.73657447008 -0.342078495811 0.508340044088 -0.531151221873 0.668088815672 0.328463778619 -0.324452829130 -0.852608857257 0.478768163930 0.192316673698 0.380009047882 0.196207999931 -0.419828180045 0.275065624153 0.0510164148187 0.620608102506 0.372868296663 0.499655384037 0.343574235117 -0.158174960811 0.0141305463677 -0.323118595920 0.241933101064 0.0451485397280 0.322197058409 1.27163404958 1.27172539427
# dev_log_No:
 0.00000000000 0.00000000000 0.00000000000 0.00000000000 0.00000000000 0.00000000000 0.00000000000 0.00000000000 0.00000000000 0.00000000000 0.00000000000 0.00000000000
# log_F:
 -11.8439993288 -11.9443630897 -11.3331340303 -12.0905527616 -11.4456544401 -12.1722385063 -12.1920780688 -8.56182806013 -7.99064002363 -8.44331841101 -9.11287167478 -10.0458558427 -8.34754816285 -8.22956337231 -8.19530070687 -7.89085181362 -6.51384542329 -5.06780140663 -5.54462910952 -5.40914018667 -8.47866928016 -5.56671102996 -7.81831598067 -7.98533912818 -7.45703347741 -1.29500949858 -1.61608660557 -1.69909965687 -1.67115160338 -1.38071305582 -2.02778413469 -1.68947426170 -1.15276482927 -1.13893631482 -0.859413275509 -1.67123694727 -1.38004284513 -2.29686618263 -1.83903271708 -1.38047361480 -0.872460558091 -0.543477838730 0.0568443629306 -0.402667637721 0.632624067389 0.699999987182 0.379941952380 -0.149990364468 0.339674224614 0.152591558159 -0.193727793710 -0.0608037194519 0.0859438393688 0.133003566564 0.0674604469558 0.192478150982 -0.0779554840992 0.283083229822 0.279648012136 0.454037548984 -0.446111595126
# log_qflo:
 -6.39008944963 -5.42892250887 -4.10526566826 -4.08019803406 -4.14553385041
# log_b:
0.00000000000
# log_Lo:
4.14960940424
# log_cv_edad:
-2.30258509299
