# Number of parameters = 132 Objective function value = 23526.6716886205  Maximum gradient component = 0.0133344963093263
# log_L50:
 -2.46666171202017 0.707685059108501
# log_sigma1:
 -8.65626978609498 -4.43343897505037
# log_sigma2:
 9.20000000000000 9.20000000000000
# log_Ro:
4.80500000000
# dev_log_Ro:
 0.723543490792 0.665138904451 0.600666474831 0.528210323961 0.450460235299 0.367603726654 0.280134961824 0.188076994828 0.0919035492646 -0.00844275122047 -0.112486363608 -0.220170541644 -0.331567277248 -0.446396108368 -0.556807050164 -0.666727436740 -0.777374755039 -0.873730347859 -0.941597499168 -0.981025691999 -0.980567672504 -0.924939355492 -0.789741107583 -0.564681301641 -0.269084473872 0.941288126172 0.651910956208 -0.823006638347 -0.0368584272543 0.646861655333 -0.343554420960 -1.08670193164 -1.22950197715 -0.144799143753 1.75720396074 -0.350620351115 0.520801927290 -0.536511501246 0.691942110858 0.336983162334 -0.312839392076 -0.844098857671 0.491799496482 0.203750148263 0.389318626189 0.206172319695 -0.412451656914 0.284227373652 0.0590159198911 0.629304277548 0.380710643385 0.508387684091 0.353997759551 -0.148987434679 0.0247369170555 -0.314484189308 0.250970863976 0.0529038134052 0.325225676090 1.21325174389 1.21325183227
# dev_log_No:
 0.00000000000 0.00000000000 0.00000000000 0.00000000000 0.00000000000 0.00000000000 0.00000000000 0.00000000000 0.00000000000 0.00000000000 0.00000000000 0.00000000000
# log_F:
 -11.8290432107 -11.9240411188 -11.3088282231 -12.0633363875 -11.4163806024 -12.1415465395 -12.1604794263 -8.52973934431 -7.95835155175 -8.41109149741 -9.08089342329 -10.0142817084 -8.31649473126 -8.19918259813 -8.16570355392 -7.86212641287 -6.48603124818 -5.04086882489 -5.51857380303 -5.38404529486 -8.45462759337 -5.54382460744 -7.79665244523 -7.96507230448 -7.43821968179 -1.27603262257 -1.61162159060 -1.69311244322 -1.66395823427 -1.37328063274 -2.02265761366 -1.68382439802 -1.14587554199 -1.12912008950 -0.845959961981 -1.67211845127 -1.37917150126 -2.29529263602 -1.83570710342 -1.38133393433 -0.872795991218 -0.543886989111 0.0568256514764 -0.402926037331 0.632133195006 0.699999985422 0.379372502693 -0.151038230920 0.339779581328 0.152154606995 -0.193394578881 -0.0611116745398 0.0864553784889 0.133354363384 0.0671812014530 0.192967872223 -0.0780147354942 0.284409348925 0.280760529959 0.457045719624 -0.437800639539
# log_qflo:
 -6.38865452676 -5.42840991493 -4.10566900424 -4.08003289886 -4.14336437099
# log_b:
0.00000000000
# log_Lo:
4.14964219363
# log_cv_edad:
-2.30258509299
