# Number of parameters = 132 Objective function value = 23546.5149851082  Maximum gradient component = 0.000124434928704481
# log_L50:
 -1.66640498602203 1.08975705002751
# log_sigma1:
 -4.05561072522206 -2.86818307649402
# log_sigma2:
 9.20000000000000 9.20000000000000
# log_Ro:
4.80000000000
# dev_log_Ro:
 0.713332449276 0.655593299162 0.591924677914 0.520299158842 0.443312531965 0.361246831238 0.274517086464 0.183254074774 0.0877305059060 -0.0119029109412 -0.115286515030 -0.222364813858 -0.333185601667 -0.447470658518 -0.557355557439 -0.666815243051 -0.777046045571 -0.873021878584 -0.940499773797 -0.979541741939 -0.978726668576 -0.922811538304 -0.787491336113 -0.562783729636 -0.268449176340 0.954519285799 0.652965989066 -0.823281986592 -0.0337344127009 0.652491629852 -0.341521789228 -1.08567531575 -1.22884717256 -0.143683986201 1.76400973046 -0.353463025560 0.524989970792 -0.538407180952 0.699887908647 0.339772660753 -0.308938824909 -0.841265854933 0.496148836192 0.207563718101 0.392431503945 0.209505857100 -0.409976064584 0.287290342813 0.0616918637458 0.632218268150 0.383337990482 0.511312894644 0.357487898794 -0.145920460056 0.0282929514410 -0.311574550151 0.253978493634 0.0555147730358 0.326289615193 1.19406551511 1.19406550025
# dev_log_No:
 0.00000000000 0.00000000000 0.00000000000 0.00000000000 0.00000000000 0.00000000000 0.00000000000 0.00000000000 0.00000000000 0.00000000000 0.00000000000 0.00000000000
# log_F:
 -11.8240567495 -11.9172662157 -11.3007178930 -12.0542615067 -11.4066183148 -12.1313081445 -12.1499360453 -8.51902204902 -7.94756862396 -8.40032124592 -9.07020554533 -10.0037295963 -8.30611773431 -8.18903172686 -8.15581668556 -7.85253199074 -6.47674374239 -5.03187735996 -5.50987687319 -5.37567073009 -8.44660702572 -5.53619202760 -7.78943176956 -7.95831872933 -7.43194645986 -1.26967361943 -1.61024033869 -1.69116651042 -1.66161626787 -1.37086837822 -2.02101571204 -1.68200902356 -1.14365930218 -1.12595038624 -0.841561163780 -1.67241253197 -1.37888982417 -2.29478995945 -1.83461041583 -1.38163502423 -0.872906045154 -0.544025136727 0.0568175177893 -0.403013754260 0.631957497061 0.699999986097 0.379178715505 -0.151394465260 0.339795419874 0.152006157980 -0.193277608955 -0.0612165495356 0.0866227315542 0.133468859008 0.0670796417360 0.193133674283 -0.0780459863288 0.284790517734 0.281129096178 0.458016325668 -0.435101973212
# log_qflo:
 -6.38819069575 -5.42824471090 -4.10580671001 -4.07998131431 -4.14266413102
# log_b:
0.00000000000
# log_Lo:
4.14965242614
# log_cv_edad:
-2.30258509299
