# Number of parameters = 132 Objective function value = 23519.7149036787  Maximum gradient component = 0.00403511901429700
# log_L50:
 -6.92011522781744 0.701410427348473
# log_sigma1:
 -14.3900759856926 -4.99525134718220
# log_sigma2:
 9.20000000000000 9.20000000000000
# log_Ro:
4.77000000000
# dev_log_Ro:
 0.652173758552 0.598517923136 0.539125536275 0.472386398762 0.400099269612 0.322720740209 0.240555423488 0.153752483357 0.0625092245283 -0.0330331530207 -0.132476457997 -0.235812331927 -0.343086772756 -0.454029529492 -0.560745539954 -0.667389500627 -0.775079286734 -0.868706180745 -0.933840678481 -0.970602239846 -0.967694041145 -0.910202074016 -0.774414308189 -0.552444556724 -0.266509473346 1.03510448795 0.656662851780 -0.823913256406 -0.0144784855371 0.686446672449 -0.329336358013 -1.07927122476 -1.22433124258 -0.137583866874 1.80437710711 -0.370749346003 0.549359877408 -0.550534561453 0.748240529521 0.355185352834 -0.284994936636 -0.824187876567 0.522288915376 0.230540761287 0.411209848992 0.229652781574 -0.395007506004 0.305861585255 0.0779052497260 0.649860405344 0.399251195288 0.528981781314 0.378537684723 -0.127392506327 0.0497277471084 -0.294075569313 0.272304704887 0.0712849918326 0.333178634490 1.08205942079 1.08205951651
# dev_log_No:
 0.00000000000 0.00000000000 0.00000000000 0.00000000000 0.00000000000 0.00000000000 0.00000000000 0.00000000000 0.00000000000 0.00000000000 0.00000000000 0.00000000000
# log_F:
 -11.7941264313 -11.8769331790 -11.2525301324 -12.0002672631 -11.3484227749 -12.0701826887 -12.0868986171 -8.45487455215 -7.88294545159 -8.33573314051 -9.00606568129 -9.94036671002 -8.24378219356 -8.12804117805 -8.09640645466 -7.79487882073 -6.42094032424 -4.97785659749 -5.45763468261 -5.32537932024 -8.39846072067 -5.49039275914 -7.74611806199 -7.91779878066 -7.39422759735 -1.23098590722 -1.60325033752 -1.67990686351 -1.64807747732 -1.35698042736 -2.01176485401 -1.67169911039 -1.13102528874 -1.10778413327 -0.815760359334 -1.67428154269 -1.37739891129 -2.29182956885 -1.82804061984 -1.38373733147 -0.873519326716 -0.544862679127 0.0567468913892 -0.403531060516 0.630902744226 0.699999987628 0.378027853242 -0.153541184735 0.339913534274 0.151017430511 -0.192667711832 -0.0619195843916 0.0875388144925 0.134070149597 0.0664148381893 0.194001091139 -0.0783163870778 0.287137994337 0.283031372467 0.463543056296 -0.419454178283
# log_qflo:
 -6.38555414403 -5.42730292795 -4.10664142011 -4.07974344312 -4.13866203854
# log_b:
0.00000000000
# log_Lo:
4.14970481917
# log_cv_edad:
-2.30258509299
