# Number of parameters = 132 Objective function value = 23553.9777715820  Maximum gradient component = 0.0576194935656125
# log_L50:
 0.579532657325273 1.09338646300717
# log_sigma1:
 -4.57498381990170 -3.32261655911796
# log_sigma2:
 9.20000000000000 9.20000000000000
# log_Ro:
4.84000000000
# dev_log_Ro:
 0.794526892338 0.730983009666 0.661712292871 0.583182927257 0.499835072648 0.411551096031 0.318681242014 0.221524457956 0.120370182687 0.0153927949099 -0.0930298408502 -0.205019628776 -0.320457467808 -0.439042114112 -0.553018968311 -0.666118472396 -0.779627079348 -0.878629349964 -0.949194623422 -0.991298968575 -0.993415140759 -0.939947672156 -0.805947897855 -0.579128018118 -0.276063123432 0.850319812329 0.641505450507 -0.819867667775 -0.0581664232180 0.607723776059 -0.357753053906 -1.09337523548 -1.23337864443 -0.153333891773 1.70882205945 -0.331075540616 0.491011920610 -0.524533503987 0.636940203257 0.316127635377 -0.339579799003 -0.863834784107 0.461415619416 0.177166653274 0.367646720233 0.183011468233 -0.429617881396 0.262957269678 0.0405362578955 0.609087772535 0.362594631064 0.488091573975 0.329727197125 -0.170332820495 0.000104248060584 -0.334676754842 0.230040393671 0.0349308823889 0.318463664792 1.35173892429 1.35174026431
# dev_log_No:
 0.00000000000 0.00000000000 0.00000000000 0.00000000000 0.00000000000 0.00000000000 0.00000000000 0.00000000000 0.00000000000 0.00000000000 0.00000000000 0.00000000000
# log_F:
 -11.8639339592 -11.9717877457 -11.3659418452 -12.1272221275 -11.4850207650 -12.2134108026 -12.2343826787 -8.60475472565 -8.03376987399 -8.48634199618 -9.15553043517 -10.0879571913 -8.38893938207 -8.27004407285 -8.23472750542 -7.92912176298 -6.55090013465 -5.10368385952 -5.57934949932 -5.44259130796 -8.51072979867 -5.59724926673 -7.84721739832 -8.01237170959 -7.48207357326 -1.31992245559 -1.62295569276 -1.70734890957 -1.68107135800 -1.39096599016 -2.03498703335 -1.69734066564 -1.16231934085 -1.15248521299 -0.877582046008 -1.67017072026 -1.38136133054 -2.29896485722 -1.84344348325 -1.37954867640 -0.871982361246 -0.542935165126 0.0568459795433 -0.402312901299 0.633333748466 0.699999992134 0.380696055363 -0.148564189520 0.339602167800 0.153233591358 -0.194253159930 -0.0604052522426 0.0851562170257 0.132443485927 0.0678041134521 0.191755072563 -0.0779837239506 0.281353532578 0.278085545470 0.449848397024 -0.457475702684
# log_qflo:
 -6.39209792616 -5.42964354257 -4.10472866799 -4.08041443183 -4.14855457462
# log_b:
0.00000000000
# log_Lo:
4.14956016480
# log_cv_edad:
-2.30258509299
