# Number of parameters = 132 Objective function value = 23256.1302525562  Maximum gradient component = 3.56971806516128e-05
# log_L50:
 -0.305985554413430 -2.32901000191663
# log_sigma1:
 -0.376673843444569 -18.8750918055461
# log_sigma2:
 9.20000000000000 9.20000000000000
# log_Ro:
4.83000000000
# dev_log_Ro:
 0.661940789131 0.594681017592 0.521427387957 0.440063009485 0.353714739663 0.262687940054 0.167421869646 0.0680769739876 -0.0350509647546 -0.141788272102 -0.251754833204 -0.364866470000 -0.481066382134 -0.600215853129 -0.713137573955 -0.821864830840 -0.929614570728 -1.02725209311 -1.10264749101 -1.15681739438 -1.18200497255 -1.17001657061 -1.10695529590 -0.987620462937 -0.830910502937 -0.361085297636 0.587098414956 -0.326058212226 -0.236319747374 0.506356851894 0.134604862623 -0.581514255071 -0.801602982623 -0.277390000378 0.625413000301 0.293447335945 0.940933699650 -0.486283366747 0.675661572585 0.549890161281 0.00737243858754 -0.117911136870 -0.169775679295 0.147363481042 0.462245195880 0.914298705261 0.804481287108 0.186099393221 0.763115774474 0.209372356288 1.11228996120 0.535735271384 0.570184805087 0.432612434688 -0.0647663982556 0.287196742968 -0.274886375634 0.634805020081 0.115233965582 0.769756628536 1.26559489825
# dev_log_No:
 0.00000000000 0.00000000000 0.00000000000 0.00000000000 0.00000000000 0.00000000000 0.00000000000 0.00000000000 0.00000000000 0.00000000000 0.00000000000 0.00000000000
# log_F:
 -11.9412979070 -12.0319279600 -11.4096025249 -12.1555250362 -11.4992274314 -12.2147431668 -12.2240021357 -8.58373124023 -8.00306018723 -8.44679965117 -9.10790938546 -10.0329232311 -8.32707807947 -8.20222400674 -8.16164505892 -7.85144257208 -6.46929707829 -5.01856305669 -5.49127719908 -5.35183201559 -8.41745314114 -5.50048369289 -7.74508689841 -7.90009407905 -7.34942322751 -1.10146686250 -1.06048606141 -1.24838243980 -1.25022031359 -0.900243089662 -1.63318122596 -1.42695011496 -0.918031839680 -0.926489245227 -0.631344161797 -0.778735490472 -0.556075265405 -1.83285831199 -1.36697119906 -0.965071152429 -0.554252952552 -0.229553744077 0.253701446216 0.416020614215 0.390169632017 0.548949869522 0.134539433624 -0.352688325357 0.144282337235 -0.128894285022 -0.464630051212 -0.282317247995 -0.113634710026 -0.0570990703429 -0.109978742241 0.0140739773143 -0.306851826796 0.0866807051921 0.00820755689037 0.202323602378 -0.638208460057
# log_qflo:
 -5.88275340720 -4.93162580297 -4.35605581349 -4.34160858845 -4.37568860402
# log_b:
0.00000000000
# log_Lo:
4.21333221779
# log_cv_edad:
-2.30258509299
