# Number of parameters = 132 Objective function value = 23548.2991707462  Maximum gradient component = 0.000205653895344313
# log_L50:
 -1.27011903694866 1.08908302376015
# log_sigma1:
 -4.45840808817275 -2.94935637944101
# log_sigma2:
 9.20000000000000 9.20000000000000
# log_Ro:
4.81000000000
# dev_log_Ro:
 0.733685132338 0.674551318170 0.609416575974 0.536162664069 0.457570146011 0.373935296515 0.285681067884 0.192946052357 0.0960072035166 -0.00498178137426 -0.109659675315 -0.217969199688 -0.329951732876 -0.445332035298 -0.556254811488 -0.666636356662 -0.777696285119 -0.874441981018 -0.942696519674 -0.982502576905 -0.982404432698 -0.927062557142 -0.792000736470 -0.566607604616 -0.269822010798 0.928068345686 0.650786326131 -0.822701462502 -0.0399603350957 0.641235274386 -0.345580864073 -1.08768992910 -1.23014061965 -0.145940743279 1.75036660461 -0.347795302666 0.516640811637 -0.534666058266 0.683987763678 0.334178808948 -0.316727048707 -0.846929812645 0.487454513016 0.199937929093 0.386212154458 0.202838908396 -0.414911249802 0.281158220339 0.0563506388734 0.626393197913 0.378098770451 0.505472144671 0.350515268369 -0.152056720798 0.0211986107930 -0.317364228278 0.247939029967 0.0503259482000 0.324186979138 1.23259148086 1.23259148557
# dev_log_No:
 0.00000000000 0.00000000000 0.00000000000 0.00000000000 0.00000000000 0.00000000000 0.00000000000 0.00000000000 0.00000000000 0.00000000000 0.00000000000 0.00000000000
# log_F:
 -11.8340291144 -11.9308182900 -11.3169267018 -12.0724030839 -11.4261419664 -12.1517798256 -12.1710150222 -8.54044285029 -7.96912443917 -8.42184642201 -9.09156673671 -10.0248219442 -8.32686157210 -8.20932445355 -8.17558268509 -7.87171481048 -6.49531393286 -5.04985709762 -5.52726825282 -5.39241842519 -8.46264803510 -5.55145911456 -7.80387597143 -7.97182959050 -7.44449416512 -1.28237317655 -1.61304788327 -1.69508084594 -1.66632307642 -1.37571993367 -2.02432602762 -1.68566580108 -1.14812279607 -1.13232869787 -0.850383270895 -1.67182323957 -1.37945376260 -2.29580362114 -1.83680825147 -1.38103660763 -0.872684752141 -0.543748956061 0.0568331253136 -0.402839705906 0.632302894998 0.699999986209 0.379555514386 -0.150681618138 0.339744241114 0.152321595860 -0.193502106697 -0.0609998544776 0.0862834067917 0.133237375615 0.0672782984474 0.192815870332 -0.0779907877494 0.283966278565 0.280425137611 0.456060150079 -0.440535105924
# log_qflo:
 -6.38912294255 -5.42857845131 -4.10553562070 -4.08008064526 -4.14407568924
# log_b:
0.00000000000
# log_Lo:
4.14963181760
# log_cv_edad:
-2.30258509299
