# Number of parameters = 132 Objective function value = 23212.9012709729  Maximum gradient component = 212.598516233883
# log_L50:
 0.773269176334211 -0.831283913030263
# log_sigma1:
 -2.93733950623934 -9.24119349580898
# log_sigma2:
 9.20000000000000 9.20000000000000
# log_Ro:
4.75000000000
# dev_log_Ro:
 0.632658915186 0.573805436012 0.509041021088 0.436972175859 0.359064493090 0.276622853631 0.189474730149 0.0978159051200 0.00194330317713 -0.0978146698952 -0.201291282940 -0.308388455683 -0.418887327499 -0.532740315498 -0.639560515269 -0.741114251242 -0.840757335371 -0.925919511112 -0.988672138914 -1.02780998841 -1.04127328615 -1.02116740307 -0.966214063818 -0.888468403940 -0.655607156137 -0.216169318426 0.417457841949 -0.200676694696 0.566632328179 0.544127198172 -0.000907501417997 -0.198085131103 -0.311273431323 -0.362221100620 0.405247186448 0.570624971994 0.0343350872923 0.771835896039 0.915147231989 0.462854035004 0.363973162347 0.170136132909 -1.65137620854 0.283196591700 0.245583641754 0.798436268357 0.479540789345 -0.362092504797 0.772404026872 0.0616526447236 0.937164657669 0.272760748328 0.406274288567 0.361734524076 -0.278455581170 0.331156823439 -0.624623718837 0.687900348805 -0.182647892652 0.623878829167 1.12276110009
# dev_log_No:
 0.00000000000 0.00000000000 0.00000000000 0.00000000000 0.00000000000 0.00000000000 0.00000000000 0.00000000000 0.00000000000 0.00000000000 0.00000000000 0.00000000000
# log_F:
 -11.7210099433 -11.7210017571 -11.1186449512 -11.8824052801 -11.2418304394 -11.9718964089 -11.9946092597 -8.36684592466 -7.79783945381 -8.25252853992 -8.92398040275 -9.85878404539 -8.16220689944 -8.04609787414 -8.01383561183 -7.71108488288 -6.33577946438 -4.89134813466 -5.36960745574 -5.23518462076 -8.30543017450 -5.39253919215 -7.63964556310 -7.79470829488 -7.23910380500 -0.960801918004 -0.787342266795 -0.540531010149 -0.831612912616 -0.410502769768 -1.22026236177 -1.19804578032 -0.781993481044 -0.885739193159 -0.525762410602 0.0314485029512 0.217449337405 -1.10943794374 -0.750267420547 -0.475031349740 -0.186677962221 0.118269991846 0.500288472471 0.386120995622 0.0146001437305 0.153479106965 -0.240926902463 -0.635454167289 -0.193383419249 -0.587857554476 -0.851838649418 -0.614683985714 -0.437592500796 -0.349384448079 -0.388152206396 -0.290716913945 -0.667103544641 -0.260784373617 -0.460015185517 -0.266317146357 -1.00473418669
# log_qflo:
 -5.26668970913 -4.71287760549 -4.75772937303 -4.74344622327 -4.75695557592
# log_b:
0.00000000000
# log_Lo:
4.18654174373
# log_cv_edad:
-2.30258509299
