# Number of parameters = 132 Objective function value = 23552.9968152721  Maximum gradient component = 0.0707115009624428
# log_L50:
 0.275627539624881 1.09327723439951
# log_sigma1:
 -4.83078539064045 -4.46298345673775
# log_sigma2:
 9.20000000000000 9.20000000000000
# log_Ro:
4.83500000000
# dev_log_Ro:
 0.784149481883 0.721700819368 0.652748695727 0.575765446965 0.492725813351 0.405232992932 0.313347169943 0.216754480588 0.116352738255 0.0121493908989 -0.0958322740588 -0.207218043388 -0.321999214199 -0.440043781563 -0.553539516486 -0.666232764694 -0.779358263301 -0.877942282024 -0.948121152994 -0.989834243830 -0.991574095947 -0.937750372222 -0.803525925760 -0.576942254487 -0.274838306276 0.863106171945 0.643327499431 -0.820484290634 -0.0550251773513 0.613278300584 -0.355769681281 -1.09243723746 -1.23282879126 -0.152089491519 1.71578753857 -0.333735637240 0.495360145853 -0.526004468198 0.644635488552 0.319339374729 -0.335879885666 -0.861025100369 0.465761721798 0.180949051496 0.370777170473 0.186243559351 -0.427091451949 0.265995030594 0.0431008079989 0.611941145742 0.365092193518 0.490966930736 0.333193496100 -0.167375034156 0.00361515002089 -0.331771344312 0.232933537597 0.0375809932654 0.319374064672 1.33147347618 1.33151020351
# dev_log_No:
 0.00000000000 0.00000000000 0.00000000000 0.00000000000 0.00000000000 0.00000000000 0.00000000000 0.00000000000 0.00000000000 0.00000000000 0.00000000000 0.00000000000
# log_F:
 -11.8589506501 -11.9648775428 -11.3576946120 -12.1179756468 -11.4751515330 -12.2030820815 -12.2237668903 -8.59400462492 -8.02297005895 -8.47557470832 -9.14486609446 -10.0774319789 -8.37859099138 -8.25992563297 -8.22487603429 -7.91956206200 -6.54164189118 -5.09471613159 -5.57067263414 -5.43423010396 -8.50271603928 -5.58961464763 -7.83999120116 -8.00561637514 -7.47581843805 -1.31372925742 -1.62115422983 -1.70525114380 -1.67854554911 -1.38838688012 -2.03316060679 -1.69534365539 -1.15989269948 -1.14905366320 -0.873007472843 -1.67042737829 -1.38101582826 -2.29842562020 -1.84234379430 -1.37975543044 -0.872109778169 -0.543070994961 0.0568552083032 -0.402407605272 0.633158266554 0.699999985886 0.380428972106 -0.148902169253 0.339559652333 0.152977440354 -0.194155149796 -0.0605236352098 0.0853693578310 0.132585809028 0.0676971979776 0.191978916121 -0.0779637146336 0.281803178708 0.278585257924 0.450877160772 -0.454638061904
# log_qflo:
 -6.39158183991 -5.42945905234 -4.10488616052 -4.08042526459 -4.14777104101
# log_b:
0.00000000000
# log_Lo:
4.14957278775
# log_cv_edad:
-2.30258509299
