# Number of parameters = 132 Objective function value = 23255.2527364169  Maximum gradient component = 0.000158681127574113
# log_L50:
 -3.42305560822719 0.750258535985363
# log_sigma1:
 -11.8244354923098 9.05201809257166
# log_sigma2:
 9.20000000000000 9.20000000000000
# log_Ro:
4.82500000000
# dev_log_Ro:
 0.651011146850 0.584620111858 0.512263482179 0.431879809784 0.346482592421 0.256373484407 0.161989256385 0.0634892249122 -0.0388321246364 -0.144801102480 -0.254037477636 -0.366456681916 -0.482002617691 -0.600537467248 -0.712890595786 -0.821099757876 -0.928394206971 -1.02560590570 -1.10056220453 -1.15428341879 -1.17901683525 -1.16658931538 -1.10314321348 -0.983625706187 -0.827374223204 -0.356436098091 0.599874297058 -0.329820966079 -0.231933177379 0.511387057131 0.138750505586 -0.579937657691 -0.800209056143 -0.274544109343 0.635122941682 0.293422209681 0.947216334397 -0.489574437202 0.680080238970 0.554143774818 0.0104735624720 -0.114571176800 -0.166292457971 0.151157880211 0.463881164546 0.914404619162 0.803125824130 0.182099015943 0.763627553493 0.210165383184 1.11217250887 0.535425393974 0.571212795063 0.434432994988 -0.0640453089336 0.289472123037 -0.274742701269 0.635804384265 0.115331301314 0.768761864598 1.24170516430
# dev_log_No:
 0.00000000000 0.00000000000 0.00000000000 0.00000000000 0.00000000000 0.00000000000 0.00000000000 0.00000000000 0.00000000000 0.00000000000 0.00000000000 0.00000000000
# log_F:
 -11.9362378110 -12.0249163472 -11.4011915465 -12.1461271970 -11.4891472735 -12.2042148603 -12.2132061066 -8.57280607177 -7.99211262617 -8.43591420485 -9.09715346397 -10.0223494472 -8.31672622378 -8.19214587597 -8.15187852720 -7.84201551854 -6.46022541755 -5.00983792859 -5.48289419513 -5.34382014866 -8.40984042021 -5.49330838821 -7.73836845252 -7.89389231543 -7.34377996938 -1.09628450575 -1.05472706930 -1.24825873501 -1.24847159145 -0.898436870509 -1.63216477876 -1.42612115103 -0.916789051078 -0.924353786283 -0.628532467760 -0.780782438271 -0.556096068578 -1.83381186789 -1.36694689908 -0.965514599414 -0.555019897860 -0.230333320021 0.252701312235 0.414600857554 0.387637525462 0.546173829918 0.132395139448 -0.354434991041 0.142451430888 -0.131128623271 -0.466388029986 -0.283898635438 -0.114894011527 -0.0582618935228 -0.111226811756 0.0129975792410 -0.308408998738 0.0855683512080 0.00736454079390 0.202304914750 -0.636649694263
# log_qflo:
 -5.88303882665 -4.93266507466 -4.35867953900 -4.34356233211 -4.37641472224
# log_b:
0.00000000000
# log_Lo:
4.21328924589
# log_cv_edad:
-2.30258509299
