# Number of parameters = 132 Objective function value = 23555.9818951837  Maximum gradient component = 5.92842611550878e-05
# log_L50:
 -5.30019601859588 1.08801849464621
# log_sigma1:
 -23.4088310745937 -3.97954556589415
# log_sigma2:
 9.20000000000000 9.20000000000000
# log_Ro:
4.85000000000
# dev_log_Ro:
 0.814580317864 0.749760428912 0.678664571571 0.598786909673 0.513720734954 0.423805123093 0.329486021465 0.230920354584 0.128396487544 0.0220748547612 -0.0876818628291 -0.200813384599 -0.317337573932 -0.436995790819 -0.551972135521 -0.665952353667 -0.780242196299 -0.880003924932 -0.951337271302 -0.994212119956 -0.997068821148 -0.944241783687 -0.810702112474 -0.583640321059 -0.278785754554 0.824972080737 0.637537054262 -0.818600280539 -0.0639540163225 0.596569673579 -0.361812024633 -1.09516461963 -1.23427576706 -0.155943096892 1.69478685548 -0.325676580825 0.482224010363 -0.521298604951 0.621419927664 0.309761057460 -0.347065330066 -0.869448438759 0.452764263778 0.169596230279 0.361537220769 0.176413041526 -0.434380096491 0.256930635231 0.0353018341845 0.603372353519 0.357461569516 0.482346587829 0.322843282514 -0.176407252027 -0.00692324394834 -0.340291892305 0.224111663223 0.0299367657669 0.316790476287 1.39267813169 1.39267813115
# dev_log_No:
 0.00000000000 0.00000000000 0.00000000000 0.00000000000 0.00000000000 0.00000000000 0.00000000000 0.00000000000 0.00000000000 0.00000000000 0.00000000000 0.00000000000
# log_F:
 -11.8738958290 -11.9855149178 -11.3823919415 -12.1455560785 -11.5046968533 -12.2339724556 -12.2554846268 -8.62614459518 -8.05525413888 -8.50776692885 -9.17676986635 -10.1089111496 -8.40953769861 -8.29019316645 -8.25435548964 -7.94817755398 -6.56935598725 -5.12156506685 -5.59665373625 -5.45926985197 -8.52672239584 -5.61248824845 -7.86165254956 -8.02587740297 -7.49456903203 -1.33226804889 -1.62673651639 -1.71160287387 -1.68618064683 -1.39628827523 -2.03876757964 -1.70145405274 -1.16729619239 -1.15950690430 -0.886856863128 -1.66966729025 -1.38207095980 -2.30004684869 -1.84566994510 -1.37914183364 -0.871739858616 -0.542664526643 0.0568487312236 -0.402137060260 0.633647453626 0.699999986619 0.381001623018 -0.147857085390 0.339457986658 0.153473822856 -0.194534230186 -0.0602473962597 0.0847377331201 0.132138207013 0.0679419826585 0.191382544408 -0.0779634818575 0.280407667654 0.277256895867 0.447607408127 -0.463428181623
# log_qflo:
 -6.39314943261 -5.43002128620 -4.10449717050 -4.08060829830 -4.15014255961
# log_b:
0.00000000000
# log_Lo:
4.14953247399
# log_cv_edad:
-2.30258509299
