# Number of parameters = 132 Objective function value = 23245.1632094361  Maximum gradient component = 5.65967421514357e-05
# log_L50:
 -1.80122583307715 -3.42219224012897
# log_sigma1:
 -5.75434328809720 -13.5141656534824
# log_sigma2:
 9.20000000000000 9.20000000000000
# log_Ro:
4.76000000000
# dev_log_Ro:
 0.504567483380 0.449327212591 0.388553373151 0.320818711040 0.247859523521 0.169885019412 0.0872677875044 0.000119688409638 -0.0912975809157 -0.186828968174 -0.286107583086 -0.389054340571 -0.495630305182 -0.605719806251 -0.710304554743 -0.811454435106 -0.912508593971 -1.00388861676 -1.07286736583 -1.12051039775 -1.13914393284 -1.12088050981 -1.05244170777 -0.930897531733 -0.781809260406 -0.298855064522 0.761609101771 -0.383999584689 -0.174313610540 0.576245471684 0.192932729887 -0.559283062937 -0.780877215495 -0.243644955975 0.758329743749 0.289024169898 1.02901652711 -0.534647719474 0.738127596553 0.609981439951 0.0511164193038 -0.0701771279920 -0.120190081072 0.200740164615 0.487022489226 0.918584309082 0.791365690643 0.137668896817 0.773718266416 0.222476789591 1.11448539701 0.535212089408 0.587558975330 0.460467645806 -0.0523523645381 0.320833998484 -0.270891777772 0.651318783696 0.119081306707 0.758844604990 0.946416649173
# dev_log_No:
 0.00000000000 0.00000000000 0.00000000000 0.00000000000 0.00000000000 0.00000000000 0.00000000000 0.00000000000 0.00000000000 0.00000000000 0.00000000000 0.00000000000
# log_F:
 -11.8705238934 -11.9347077156 -11.2928129737 -12.0245405494 -11.3581543708 -12.0668371561 -12.0718382767 -8.42933165559 -7.84801209903 -8.29238118768 -8.95515468592 -9.88264936974 -8.17991029283 -8.05894867041 -8.02284378709 -7.71754436230 -6.34054857512 -4.89483729474 -5.37252517229 -5.23849475696 -8.30995929691 -5.39939453566 -7.65069219920 -7.81325189591 -7.27068740020 -1.02876234581 -0.978540646774 -1.24807621238 -1.22745561092 -0.876580232607 -1.62023174044 -1.41655059405 -0.902003844495 -0.898520172946 -0.591245813561 -0.806743467383 -0.555253281526 -1.84554326674 -1.36608763012 -0.970734556025 -0.564362822009 -0.239603722391 0.240795896434 0.397771308830 0.357916205502 0.513648933115 0.107238011774 -0.375302916385 0.121051749727 -0.157546256470 -0.486698771139 -0.302621535788 -0.129596269708 -0.0718869088382 -0.126156685789 0.000528576657128 -0.327046568631 0.0729501942603 -0.00255108617790 0.202982703323 -0.616110910940
# log_qflo:
 -5.88613923015 -4.94481943075 -4.38933814287 -4.36635213569 -4.38442957334
# log_b:
0.00000000000
# log_Lo:
4.21277825366
# log_cv_edad:
-2.30258509299
