# Number of parameters = 132 Objective function value = 23195.2465011264  Maximum gradient component = 2.54783511390583e-05
# log_L50:
 1.38509785583600 0.728474451626262
# log_sigma1:
 -2.58300256922445 -4.80061697024985
# log_sigma2:
 9.20000000000000 9.20000000000000
# log_Ro:
4.77500000000
# dev_log_Ro:
 0.315419612576 0.279235653047 0.238601681975 0.192775856061 0.142059295046 0.0863556097865 0.0258045733708 -0.0395693005758 -0.109662706257 -0.184553518972 -0.264117997169 -0.348460141438 -0.437525594376 -0.531124634772 -0.619287457153 -0.705236174549 -0.788950528835 -0.852795481628 -0.884893383350 -0.888044799280 -0.856717466223 -0.791469456731 -0.709344594909 -0.427820441045 0.242802577827 0.524472496778 -0.0817052737488 0.690572481174 0.683154142987 0.0954855884566 -0.0863058635275 -0.239017455614 -0.313269096472 0.514440557216 0.681906822980 0.0319300239168 0.839591163872 0.980433153729 0.564512423124 0.480725809839 0.293976489463 -1.69814828572 0.349899002551 0.232081182429 0.466705864969 0.245507807401 -0.709350171511 0.648838231456 -0.0187530550919 0.739872019729 0.218998348815 0.403777619100 0.381056927401 -0.358681855089 0.293428608490 -0.761364873755 0.566657766683 -0.286811593900 0.411665490195 0.565118162722 0.565118156529
# dev_log_No:
 0.00000000000 0.00000000000 0.00000000000 0.00000000000 0.00000000000 0.00000000000 0.00000000000 0.00000000000 0.00000000000 0.00000000000 0.00000000000 0.00000000000
# log_F:
 -11.5336218781 -11.5336131423 -10.8404534618 -11.5731981349 -10.9119032499 -11.6289304601 -11.6450220239 -8.01568302890 -7.44907870027 -7.90940897838 -8.58913552347 -9.53428056850 -7.84959249397 -7.74703214475 -7.72954282275 -7.44240498250 -6.08250731422 -4.65272208018 -5.14506160965 -5.02458266722 -8.10836263857 -5.20958120987 -7.47072119642 -7.64117436242 -7.10191487265 -0.843296366707 -0.653377336282 -0.545853955752 -0.805907055042 -0.388169939829 -1.22122799913 -1.21793611872 -0.805717076000 -0.915841197896 -0.541421299944 0.0491205684976 0.214912067065 -1.12668301540 -0.739593591620 -0.477396775073 -0.200112481903 0.106201034186 0.487037019636 0.363012207832 -0.00772142017600 0.116734917479 -0.259074661553 -0.653887922685 -0.210381656532 -0.616740025708 -0.860082645961 -0.637003921359 -0.451679326690 -0.358344701411 -0.406082687770 -0.291735513903 -0.684775521640 -0.253069956311 -0.467140561429 -0.234281863232 -0.952681496955
# log_qflo:
 -5.26835947828 -4.72827013706 -4.78133887956 -4.76279517307 -4.75210982891
# log_b:
0.00000000000
# log_Lo:
4.09748363082
# log_cv_edad:
-2.30258509299
