# Number of parameters = 125 Objective function value = 20366.4926760892  Maximum gradient component = 5.13798001605629e-05
# log_L50:
 1.38195467725975 1.13252924098487
# log_sigma1:
 -2.41109523399054 -2.39296983665002
# log_sigma2:
 9.20000000000000 9.20000000000000
# log_Ro:
4.63096918515
# dev_log_Ro:
 -0.114538354827 -0.129625302205 -0.147003768054 -0.166869997835 -0.189533104930 -0.215283516928 -0.244273433800 -0.276752037317 -0.312932262910 -0.353170075418 -0.397709995747 -0.447269043509 -0.501870377502 -0.561754886347 -0.619284491417 -0.677283040076 -0.736846038944 -0.777380658570 -0.788307575402 -0.772625237129 -0.729209973977 -0.666537511476 -0.615657958712 -0.372764567102 1.28685871677 0.0926195468455 0.131942668436 0.922547908510 0.801429069174 0.0367872613941 -0.114234346967 -0.0284133438001 0.181080227475 0.708619576199 1.09611354299 -0.278491740252 1.06129054862 1.08074840875 0.582103267989 0.523580176549 0.392876967538 -1.74142728718 0.708969034067 0.305458517923 0.649185123579 0.238097820119 -0.804361637840 0.966905619978 -0.200226003246 0.962417063025 0.313246535646 0.509849660280 0.536581831797 -0.191530362629 0.135140331373 -0.0256407474598 -0.0256407455307
# dev_log_No:
 0.00000000000 0.00000000000 0.00000000000 0.00000000000 0.00000000000 0.00000000000 0.00000000000 0.00000000000 0.00000000000 0.00000000000 0.00000000000 0.00000000000
# log_F:
 -11.3637937596 -11.3637833878 -10.6706213904 -11.3521125030 -10.6460558816 -11.3250827393 -11.3096927284 -7.65513460397 -7.06919782745 -7.51579581571 -8.18704388680 -9.12846174302 -7.44419734939 -7.34678763578 -7.33837083203 -7.06347838730 -5.71805050932 -4.30311111781 -4.81115606839 -4.70847046936 -7.81201828472 -4.93476375392 -7.21806280273 -7.41226066360 -6.89599498870 -0.631756515852 -0.333618715450 -0.934609057317 -0.919187523893 -0.542416558630 -1.37442779601 -1.31618926338 -0.857829657381 -0.920849701833 -0.569110232373 -0.190716669301 -0.0542834292950 -1.47747929071 -0.960458801916 -0.693912136031 -0.367929811097 -0.0485752685988 0.356321069389 0.290158243047 0.213612256978 0.250883463528 -0.0698710396395 -0.500051490636 -0.177851920414 -0.405374973413 -0.847124798210 -0.485286803507 -0.436354049200 -0.294627223897 -0.325608913491 -0.400488816893 -0.506258566943
# log_qflo:
 -5.51974868086 -4.86199111434 -4.60708926278 -4.65988232879 -4.72468934907
# log_b:
0.00000000000
# log_Lo:
4.07325286550
# log_cv_edad:
-2.30258509299
