# Number of parameters = 129 Objective function value = 21798.6149242749  Maximum gradient component = 0.0148718920503583
# log_L50:
 1.39197353932906 1.40599083972272
# log_sigma1:
 -5.76625259786082 -2.77488843948024
# log_sigma2:
 9.20000000000000 9.20000000000000
# log_Ro:
4.82708523348
# dev_log_Ro:
 -0.111554006756 -0.126996905411 -0.144751837302 -0.165027604442 -0.188151658188 -0.214394298368 -0.243852935589 -0.276833145824 -0.313562740674 -0.354556771651 -0.400385596987 -0.451217321400 -0.507350041772 -0.569509929306 -0.629865905220 -0.687366230007 -0.747200877668 -0.774056929663 -0.766677692275 -0.724451658696 -0.657068561372 -0.594399442407 -0.347837764664 1.21506962640 0.183533154699 0.127312269500 0.901351775587 0.796708309184 0.0496923029320 -0.0938112651860 -0.0648794479033 0.0880688186841 0.699069165998 1.03851851016 -0.245145653242 1.03350309719 1.07011948089 0.562373919714 0.532507060844 0.380364334590 -1.80121324955 0.679019922000 0.255989379905 0.522209615162 0.152792327366 -0.853251769901 0.862393257913 -0.193918092665 0.868022679413 0.306898052898 0.457608835608 0.483117890135 -0.317040220064 0.466298967754 -0.433438186403 0.325484647298 -0.0194198871179 -0.0194198870985 -0.0194198870485
# dev_log_No:
 0.00000000000 0.00000000000 0.00000000000 0.00000000000 0.00000000000 0.00000000000 0.00000000000 0.00000000000 0.00000000000 0.00000000000 0.00000000000 0.00000000000
# log_F:
 -11.3472153536 -11.3472048326 -10.6540426390 -11.3471769485 -10.6424513674 -11.3227094217 -11.3085483626 -7.65523635832 -7.07059783670 -7.51856348457 -8.19127278426 -9.13425511108 -7.45168023661 -7.35614169162 -7.34975801131 -7.07703625136 -5.73391433489 -4.32083443117 -4.83036205909 -4.72914454232 -7.83236348754 -4.95343421757 -7.23428724074 -7.42587069044 -6.90758201512 -0.648163163381 -0.364488423407 -0.893877260593 -0.903839629036 -0.524285184300 -1.36036760620 -1.31202505491 -0.861628927670 -0.934566257986 -0.576547167423 -0.149054027834 -0.0204857576516 -1.43791850079 -0.930312382980 -0.668141551905 -0.346544316559 -0.0259394934535 0.382168839122 0.336582130631 0.380792620126 0.385510607743 0.0749738652256 -0.391185018523 -0.0882177642857 -0.227532292336 -0.754650099508 -0.360811664523 -0.341479812992 -0.185643711872 -0.189159189204 -0.237351784969 -0.459304776420 -0.401623349983 -0.142265134120
# log_qflo:
 -5.48854160505 -4.82505612151 -4.46041756275 -4.53470271638 -4.61107994815
# log_b:
0.00000000000
# log_Lo:
3.96611792279
# log_cv_edad:
-2.30258509299
