# Number of parameters = 127 Objective function value = 21083.9703563478  Maximum gradient component = 0.000105127475070415
# log_L50:
 1.38069315695718 1.14028693231318
# log_sigma1:
 -2.62254484226523 -2.28466777770134
# log_sigma2:
 9.20000000000000 9.20000000000000
# log_Ro:
4.61045443954
# dev_log_Ro:
 -0.109540337113 -0.124157343770 -0.141008176678 -0.160291547034 -0.182312765756 -0.207363659902 -0.235600037643 -0.267275326829 -0.302608280245 -0.341959841656 -0.385582805217 -0.434201902975 -0.487849721943 -0.546779433000 -0.603458123405 -0.660684946955 -0.719535836517 -0.759425472891 -0.769839559315 -0.753782345188 -0.710277372172 -0.648014234444 -0.598232171422 -0.357979610943 1.31192789090 0.102912368316 0.150642056986 0.941418959388 0.820509517123 0.0539788834850 -0.0961769344784 -0.0119921040513 0.199444646466 0.726353798476 1.11465006852 -0.266782036772 1.07940784329 1.09850144330 0.596647590516 0.540312708826 0.401795511020 -1.75483479862 0.742856787101 0.308827294737 0.668636203535 0.228895943411 -0.778808818596 0.974028249551 -0.160045525953 0.974076968833 0.348535593361 0.521216037903 0.526477044466 -0.191070034932 0.528115355034 -1.14546515449 -0.0236162548207 -0.0236162488158
# dev_log_No:
 0.00000000000 0.00000000000 0.00000000000 0.00000000000 0.00000000000 0.00000000000 0.00000000000 0.00000000000 0.00000000000 0.00000000000 0.00000000000 0.00000000000
# log_F:
 -11.3432834911 -11.3432729042 -10.6501106022 -11.3320848222 -10.6265475087 -11.3061247091 -11.2913143698 -7.63735958047 -7.05204674509 -7.49929655304 -8.17122938459 -9.11336292645 -7.42983916691 -7.33317867595 -7.32552503011 -7.05140906841 -5.70675743692 -4.29254339163 -4.80129873499 -4.69936282534 -7.80369991404 -4.92726410989 -7.21137599062 -7.40639988606 -6.89089000630 -0.626580363312 -0.324965869807 -0.935910634571 -0.918369305357 -0.541692941168 -1.37417994557 -1.31639924473 -0.857952154895 -0.920948361648 -0.568578401468 -0.190168273821 -0.0534245539876 -1.47756259137 -0.959262836986 -0.693297190885 -0.367189566088 -0.0458872366549 0.361730936679 0.310993067535 0.322957098207 0.327823523354 0.0188479977074 -0.436340762828 -0.130263722508 -0.290212412659 -0.803020307558 -0.408196102772 -0.388342847512 -0.236785888210 -0.249061392074 -0.327074126668 -0.565488567553 -0.393262572228
# log_qflo:
 -5.51894916382 -4.85051813882 -4.51771788376 -4.58649043158 -4.68979181747
# log_b:
0.00000000000
# log_Lo:
4.07325721550
# log_cv_edad:
-2.30258509299
