# Number of parameters = 140 Objective function value = 4826.78847658663  Maximum gradient component = 3.63942225569217e-05
# log_L50:
 1.38654626528534
# log_sigma1:
 -0.860833041426400
# log_sigma2:
 9.20000000000000
# log_Ro:
4.35546934923
# dev_log_Ro:
 0.0149340218141 0.0166271870337 0.0186677088476 0.0211207055407 0.0240738736635 0.0275796619624 0.0317074909138 0.0366748190885 0.0424037757928 0.0494856242874 0.0565791753880 0.0637935538929 0.0711802649889 0.0780913845062 0.0856594463853 0.0929028386616 0.0986223288089 0.109218675930 0.123840313481 0.151981764224 0.201964604608 0.275048703080 0.419486035952 0.743909930649 0.507573510293 0.0927883381993 -0.470764051646 0.448173024437 -0.199314210977 -0.497486063357 -0.142650146328 -0.150528331304 -0.139366239332 -0.114018809092 0.324577282423 -0.263790856534 0.157676979359 0.128866031297 -0.469051756001 -0.635100083592 -0.672569589820 0.0912326374150 0.249874188228 0.196309017567 0.270889196834 0.484893088271 -0.210049379558 0.231635917108 -0.423309838246 -0.210005149135 -0.373956880307 -0.0465336409664 -0.171888723842 -0.0118890178151 -0.484911165935 -0.0928677407306 0.521807800585 -0.485937904616 -0.308740102017 0.00633607245181 0.00654270718450
# dev_log_No:
 0.00693508253714 0.00572266605647 0.00469790573630 0.00383785538247 0.00312339879490 0.00253248878936 0.00204613464126 0.00164782823043 0.00132277732892 0.00105894281886 0.000845342023020 0.00328502547872
# log_F:
 -11.0002290519 -10.3074253907 -11.0010846306 -10.3092554324 -11.0038997199 -10.3124350322 -10.3142859020 -6.91468252041 -5.78371872304 -4.43436003573 -4.16654266134 -3.17252733319 -5.06229858467 -7.18752270620 -4.83018722063 -4.61071264009 -2.75158326282 -2.34841888172 -2.44536594466 -1.44616474947 -1.48467848433 -0.931989099968 -1.06601436718 -0.838791273688 -0.698460620447 -0.769520261580 -1.14499402392 -1.25169314794 -1.35208299461 -0.997731072656 -1.61256259339 -1.30228472053 -0.794804410790 -0.929849614815 -0.651141649708 -0.284527250308 -1.11499864444 -0.377952131522 -1.76361383696 -0.888033950017 -0.879734177296 -1.27097901640 -0.455537737706 -1.25468624535 -0.662014793442 -0.855910569433 -1.13013760546 -0.583855265155 -0.740241518934 -0.425362419451 -0.501035981908 -0.921913707126 -1.43350108306 -1.23185158198 -1.25660101087 -1.32854141724 -0.966998001684 -0.851280963045 -1.04088266718 -1.39996194918 -0.552165555232
# log_qflo:
 -4.96772061865
# log_b:
0.00000000000
# log_Lo:
3.91202300543
# log_cv_edad:
-2.30258509299
# log_Fref:
 1.00500000000 1.00500000000
