# Number of parameters = 140 Objective function value = 4827.25634203217  Maximum gradient component = 3.34697216333538e-05
# log_L50:
 1.38653203036623
# log_sigma1:
 -0.864261487968835
# log_sigma2:
 9.20000000000000
# log_Ro:
4.48373503570
# dev_log_Ro:
 0.0152621622773 0.0172143190468 0.0196139884835 0.0225571262223 0.0261737409040 0.0305606246825 0.0358441165763 0.0423464211591 0.0500649283092 0.0598856720279 0.0702778611352 0.0814346826274 0.0935298673723 0.105779963688 0.120168707162 0.135766776075 0.149315259339 0.169487032425 0.192339687111 0.229266206326 0.285043159449 0.352870360173 0.474346584680 0.759214843382 0.519848717559 0.101336088302 -0.472627763303 0.441129882400 -0.214666306772 -0.522736645557 -0.154521909083 -0.167027436126 -0.163535236725 -0.129836625353 0.294030860838 -0.271516652606 0.140778359763 0.104025324786 -0.487190015520 -0.666918158147 -0.687871345603 0.0621142454993 0.213316170500 0.160140137346 0.221531902172 0.434329469247 -0.250928523191 0.195905937210 -0.430768757173 -0.209988377292 -0.375436605197 -0.0575807343469 -0.193166204826 -0.0426884597337 -0.509531542519 -0.114354875115 0.501312564001 -0.504110581212 -0.314203273623 0.00641897949805 0.00662329926828
# dev_log_No:
 0.00699774944991 0.00565081918005 0.00453405045869 0.00361679570851 0.00287111860499 0.00226913750159 0.00178563299163 0.00139972712704 0.00109302167465 0.000850501128829 0.000659675282970 0.00223178937246
# log_F:
 -10.9012499016 -10.2085512423 -10.9023396473 -10.2107824728 -10.9057118587 -10.2145561646 -10.2167564101 -6.81752544896 -5.68691254612 -4.33761708294 -4.06974324562 -3.07494758396 -4.96560654578 -7.09427077370 -4.74041213893 -4.52426945589 -2.66674176138 -2.26373632778 -2.36331275358 -1.36516661728 -1.40708482176 -0.862520479169 -1.01724866907 -0.825942908583 -0.730306607364 -0.841892200563 -1.22934225358 -1.33650856924 -1.43293301603 -1.07488896744 -1.68405838528 -1.36132973939 -0.846004791927 -0.982211049073 -0.706749482573 -0.352689147602 -1.19056150348 -0.455047502402 -1.84579914297 -0.964910283130 -0.959446353973 -1.34904050730 -0.539389256034 -1.34489654082 -0.748164518650 -0.939951451873 -1.20703689474 -0.656952150252 -0.809047557596 -0.499593368451 -0.586278314505 -1.01997610803 -1.53067803346 -1.32433129464 -1.34573807616 -1.41233272886 -1.04726639516 -0.934423731889 -1.12617886037 -1.47956604541 -0.634866594567
# log_qflo:
 -5.05063284312
# log_b:
0.00000000000
# log_Lo:
3.91202300543
# log_cv_edad:
-2.30258509299
# log_Fref:
 1.00500000000 1.00500000000
