# Number of parameters = 140 Objective function value = 4827.40854749886  Maximum gradient component = 7.86155700331537e-05
# log_L50:
 1.38652753877726
# log_sigma1:
 -0.865358690628687
# log_sigma2:
 9.20000000000000
# log_Ro:
4.52712228567
# dev_log_Ro:
 0.0146512766672 0.0165811726524 0.0189682491375 0.0219146772030 0.0255582065834 0.0300073359446 0.0354036627391 0.0420888533941 0.0500918782702 0.0603543685939 0.0713780478264 0.0833854745762 0.0965979286343 0.110242170460 0.126502289213 0.144548271297 0.160643981990 0.183983462472 0.209886250974 0.250160586489 0.308586012383 0.375317589408 0.490052401255 0.765680606401 0.524873689576 0.105100253040 -0.472460966710 0.440219583668 -0.218681108515 -0.530077372075 -0.156947740199 -0.170918192540 -0.169874305429 -0.133093224904 0.286160294877 -0.272170836646 0.137592086938 0.0984844715626 -0.490764068883 -0.674813533481 -0.690598002690 0.0551876551511 0.203844392393 0.150611889515 0.207670836933 0.420087715931 -0.262577602932 0.186727134980 -0.430944789370 -0.207376780684 -0.373556354802 -0.0584688804129 -0.197408873552 -0.0497996033079 -0.515254448147 -0.118902901505 0.497240444113 -0.508683185477 -0.315608549779 0.00619646818681 0.00639965061415
# dev_log_No:
 0.00664291578510 0.00532634685172 0.00424125715104 0.00335694278860 0.00264325216913 0.00207139009721 0.00161569533794 0.00125508183619 0.000971309262365 0.000748710729543 0.000575188000216 0.00186399540911
# log_F:
 -10.8728633745 -10.1801675396 -10.8739582951 -10.1824126999 -10.8773476812 -10.1861944653 -10.1883996783 -6.78916980145 -5.65853965467 -4.30912562086 -4.04108739553 -3.04588708322 -4.93667034743 -7.06622659091 -4.71322872762 -4.49788004109 -2.64057869116 -2.23738048582 -2.33765745294 -1.33974574333 -1.38295068732 -0.841510773044 -1.00396016794 -0.825268403012 -0.744315744873 -0.867953296023 -1.25915223361 -1.36615905373 -1.46102326349 -1.10151785854 -1.70874761221 -1.38180626936 -0.863884760405 -1.00069177374 -0.726536875158 -0.376884770238 -1.21735871988 -0.482502576302 -1.87485221041 -0.992232094711 -0.987789991195 -1.37687498061 -0.569213864910 -1.37676046091 -0.778746095628 -0.969787195635 -1.23440606782 -0.682997297210 -0.833809684606 -0.526227669627 -0.616750306343 -1.05459809012 -1.56487990069 -1.35684496591 -1.37712254357 -1.44186946794 -1.07567650572 -0.963716999210 -1.15612105476 -1.50767780429 -0.663741439196
# log_qflo:
 -5.07998397233
# log_b:
0.00000000000
# log_Lo:
3.91202300543
# log_cv_edad:
-2.30258509299
# log_Fref:
 1.00500000000 1.00500000000
