# Number of parameters = 140 Objective function value = 4827.68920375093  Maximum gradient component = 7.25543544016720e-05
# log_L50:
 1.38651890461525
# log_sigma1:
 -0.867507707286899
# log_sigma2:
 9.20000000000000
# log_Ro:
4.61550339346
# dev_log_Ro:
 0.0129697089761 0.0147665428453 0.0170158727931 0.0198276019020 0.0233471472088 0.0277004001545 0.0330502056256 0.0397607954359 0.0479213101742 0.0585346004238 0.0702474454619 0.0833378457743 0.0981270376330 0.113916797160 0.133182104184 0.155373540142 0.176124458267 0.205353310266 0.237384327010 0.284580005275 0.349133135496 0.414847106124 0.518031478624 0.780259981856 0.535531180533 0.113367667884 -0.471494263226 0.439566131416 -0.225829953561 -0.543917355630 -0.160054611826 -0.176755725668 -0.180526860481 -0.137232912864 0.273154768153 -0.271178546946 0.134135416806 0.0907312794820 -0.494882020380 -0.687241566585 -0.693129692355 0.0447284333472 0.188199360485 0.134578332627 0.183084148418 0.394685523262 -0.283452574527 0.171688900079 -0.428473258066 -0.199012455641 -0.366936271148 -0.0568788028730 -0.202424248769 -0.0601963355615 -0.523681060840 -0.124843000403 0.492382749965 -0.516008472063 -0.317814954978 0.00556887775740 0.00576941536346
# dev_log_No:
 0.00572723191440 0.00452857079809 0.00355308844959 0.00276864847674 0.00214476070816 0.00165244769325 0.00126691478806 0.000966766029340 0.000734327763061 0.000555631252988 0.000418670593557 0.00125002578388
# log_F:
 -10.8230216816 -10.1303014221 -10.8240594818 -10.1324608842 -10.8273229946 -10.1360817045 -10.1381938300 -6.73885232695 -5.60806462344 -4.25829411433 -3.98980980786 -2.99370845708 -4.88458877663 -7.01561004190 -4.66394426990 -4.44976046042 -2.59252895296 -2.18867329828 -2.29011519897 -1.29255897620 -1.33856346380 -0.803927345942 -0.982680212483 -0.829496448405 -0.776993720427 -0.922711609006 -1.32125705856 -1.42743564261 -1.51883323003 -1.15607020905 -1.75930944112 -1.42386340862 -0.900770038204 -1.03920075197 -0.768125161282 -0.427699798476 -1.27359621277 -0.540245307332 -1.93567770052 -1.04964727657 -1.04736007474 -1.43549379036 -0.631894883264 -1.44341046906 -0.842919749904 -1.03241049674 -1.29198267576 -0.737884172904 -0.886328254232 -0.582631009347 -0.681023567257 -1.12695547623 -1.63618983054 -1.42460227329 -1.44259089582 -1.50356207507 -1.13517978870 -1.02489769858 -1.21852268256 -1.56650918593 -0.723800598668
# log_qflo:
 -5.14149108229
# log_b:
0.00000000000
# log_Lo:
3.91202300543
# log_cv_edad:
-2.30258509299
# log_Fref:
 1.00500000000 1.00500000000
