# Number of parameters = 140 Objective function value = 4827.81495826369  Maximum gradient component = 4.53462264785749e-05
# log_L50:
 1.38651472523132
# log_sigma1:
 -0.868565544035051
# log_sigma2:
 9.20000000000000
# log_Ro:
4.66069779701
# dev_log_Ro:
 0.0120201302475 0.0137226121425 0.0158668546551 0.0185635224154 0.0219593028109 0.0261863521009 0.0314139881620 0.0380097922529 0.0460906512802 0.0566665662569 0.0684849620841 0.0818485854052 0.0971247076537 0.113676772069 0.134071017108 0.157925438902 0.180708803327 0.212554511600 0.247530805820 0.298155281674 0.366070722352 0.431910531959 0.530424315239 0.788231206956 0.540944143968 0.117684750710 -0.470855051220 0.439546168725 -0.229180813391 -0.550631177982 -0.160905772871 -0.178847642886 -0.184995533683 -0.138282717693 0.267830227097 -0.269686461527 0.133669422801 0.0883136227524 -0.495603517033 -0.691959833501 -0.693101667435 0.0409959242742 0.181825479660 0.127873233042 0.172160919883 0.383310215502 -0.292819157753 0.165630188012 -0.425993872765 -0.193460626773 -0.362382284347 -0.0546179486024 -0.203414892761 -0.0637246950383 -0.526575641428 -0.126438339259 0.491374725736 -0.518874130255 -0.318630549235 0.00520341744874 0.00540245335602
# dev_log_No:
 0.00523315982839 0.00410906674000 0.00320004254474 0.00247466102868 0.00190158299536 0.00145280265324 0.00110426710497 0.000835033570317 0.000628562899879 0.000471069213370 0.000351587643648 0.00100945000937
# log_F:
 -10.8015706391 -10.1088283019 -10.8025577597 -10.1109055812 -10.8057018830 -10.1143844420 -10.1164143497 -6.71697767394 -5.58606933751 -4.23608460566 -3.96734608855 -2.97078419718 -4.86166798476 -6.99328161106 -4.64210800978 -4.42831703395 -2.57096318680 -2.16668724751 -2.26861809853 -1.27122327331 -1.31875707725 -0.787785741789 -0.974981143110 -0.834445087960 -0.795539940286 -0.951359049624 -1.35354890836 -1.45905104155 -1.54854710400 -1.18399478517 -1.78517711075 -1.44544641475 -0.919782937247 -1.05926738809 -0.789998714742 -0.454410964509 -1.30313479429 -0.570623593293 -1.96754907301 -1.07983844958 -1.07868330737 -1.46637607168 -0.664846519148 -1.47829419915 -0.876605474179 -1.06529401049 -1.32229102577 -0.766839477866 -0.914194097065 -0.612520672720 -0.714928485583 -1.16478386017 -1.67338498417 -1.45993444532 -1.47676168233 -1.53580937296 -1.16636285877 -1.05688162866 -1.25108588439 -1.59733068327 -0.755114011378
# log_qflo:
 -5.17374686672
# log_b:
0.00000000000
# log_Lo:
3.91202300543
# log_cv_edad:
-2.30258509299
# log_Fref:
 1.00500000000 1.00500000000
