# Number of parameters = 140 Objective function value = 4827.55340146275  Maximum gradient component = 3.25446268406339e-05
# log_L50:
 1.38652317124101
# log_sigma1:
 -0.866439683350181
# log_sigma2:
 9.20000000000000
# log_Ro:
4.57101096029
# dev_log_Ro:
 0.0138637339168 0.0157386179636 0.0180720298200 0.0209705531351 0.0245764477502 0.0290090088078 0.0344208004947 0.0411675986588 0.0493096798107 0.0598272099260 0.0712828330594 0.0839285679019 0.0980350193079 0.112858226601 0.130746188508 0.150997905765 0.169508938480 0.195886738040 0.224872307397 0.268594234144 0.329962987359 0.395979276906 0.504593297369 0.772719033365 0.530139619133 0.109143008639 -0.472055558472 0.439746702810 -0.222364327442 -0.537099582469 -0.158763062164 -0.174136453930 -0.175510905854 -0.135528683964 0.279235449319 -0.272030400869 0.135412453590 0.0940899243013 -0.493296175787 -0.681555004273 -0.692320805273 0.0494280468499 0.195508044241 0.142127258424 0.194890149467 0.406911745006 -0.273393907069 0.178690703559 -0.430149563527 -0.203682231823 -0.370689953343 -0.0581963732633 -0.200456032790 -0.0555925431045 -0.519937301616 -0.122362685753 0.494303556697 -0.512629237183 -0.316810229387 0.00590560756341 0.00610751527165
# dev_log_No:
 0.00620652324518 0.00494168995636 0.00390592990691 0.00306735797145 0.00239561045426 0.00186139594867 0.00143950729449 0.00110821069538 0.000849747362961 0.000648921458895 0.000493769930527 0.00153458488452
# log_F:
 -10.8467869340 -10.1540829737 -10.8478624638 -10.1563010546 -10.8512112712 -10.1600268756 -10.1621998267 -6.76292987926 -5.63223791954 -4.28266129839 -4.01441468706 -3.01877284254 -4.90962451804 -7.03996303820 -4.68769263386 -4.47299335119 -2.61578522328 -2.21229658273 -2.31319187111 -1.31547088321 -1.36003594760 -0.821908401680 -0.992389011951 -0.826445358546 -0.759899624593 -0.894903257557 -1.28979183214 -1.39647088657 -1.48965874842 -1.12857931004 -1.73383352859 -1.40265196424 -0.882140515683 -1.01968370665 -0.746984612755 -0.401874123410 -1.24502168596 -0.510887898348 -1.90479634182 -1.02046244479 -1.01707950999 -1.40567750865 -0.600034277101 -1.40958321879 -0.810316599309 -1.00059195988 -1.26270568190 -0.709956785818 -0.859552927452 -0.553887799430 -0.648315930809 -1.09024352567 -1.60003715611 -1.39025495316 -1.40939339376 -1.47226511037 -1.10496710779 -0.993859937454 -1.18688604356 -1.53664291428 -0.693365301222
# log_qflo:
 -5.11025449496
# log_b:
0.00000000000
# log_Lo:
3.91202300543
# log_cv_edad:
-2.30258509299
# log_Fref:
 1.00500000000 1.00500000000
