# Number of parameters = 140 Objective function value = 4827.93019266076  Maximum gradient component = 5.30658827787695e-05
# log_L50:
 1.38651060132548
# log_sigma1:
 -0.869615563755757
# log_sigma2:
 9.20000000000000
# log_Ro:
4.70669012545
# dev_log_Ro:
 0.0110515831036 0.0126500676047 0.0146751006295 0.0172375250760 0.0204827972252 0.0245477617151 0.0296068605285 0.0360267119237 0.0439479454137 0.0543783525711 0.0661725206619 0.0796577218829 0.0952452073045 0.112366885502 0.133651930528 0.158890485970 0.183476814302 0.217670123967 0.255434696130 0.309375903592 0.380763643422 0.447170792996 0.541813051088 0.796557211013 0.546285387292 0.122009358795 -0.470209684744 0.439566906629 -0.232510368012 -0.557331554537 -0.161397535836 -0.180479522846 -0.188982842249 -0.138743217734 0.263186321403 -0.267615426818 0.133936018121 0.0867541283973 -0.495531466341 -0.695784668868 -0.692303373974 0.0381517519171 0.176306579532 0.121932977784 0.162041427181 0.372702475921 -0.301548829511 0.160436079089 -0.422778755051 -0.187107011312 -0.357102829053 -0.0515023133674 -0.203517563516 -0.0662779610547 -0.528699043417 -0.127231374309 0.491190434916 -0.521272966889 -0.319265135887 0.00482223217159 0.00501967202987
# dev_log_No:
 0.00474271675190 0.00369903671085 0.00285952407094 0.00219386742525 0.00167217608197 0.00126674491553 0.000954460689499 0.000715498135165 0.000533653043606 0.000396206698088 0.000292893924630 0.000809572788427
# log_F:
 -10.7824408433 -10.0896727522 -10.7833687168 -10.0916506525 -10.7863682290 -10.0949607576 -10.0968930946 -6.69734438924 -5.56629811377 -4.21608812777 -3.94708992370 -2.95008122015 -4.84095604672 -6.97307953786 -4.62229504829 -4.40878555564 -2.55122855784 -2.14650389064 -2.24888256754 -1.25167203761 -1.30083965269 -0.773702974021 -0.969438998245 -0.841315676219 -0.815493574614 -0.980836817698 -1.38667289849 -1.49132118389 -1.57880731135 -1.21236482288 -1.81144691195 -1.46741605820 -0.939199774553 -1.07991788289 -0.812653630343 -0.482063951667 -1.33369723999 -0.602079322799 -2.00047047762 -1.11109523501 -1.11110792466 -1.49838344250 -0.698946828285 -1.51429286025 -0.911431069776 -1.09930100169 -1.35369179654 -0.796889578024 -0.943216786898 -0.643627338329 -0.750092876709 -1.20378535861 -1.71167686270 -1.49630634882 -1.51195994662 -1.56906313129 -1.19857171816 -1.08987016627 -1.28463720594 -1.62916837581 -0.787377495727
# log_qflo:
 -5.20708197243
# log_b:
0.00000000000
# log_Lo:
3.91202300543
# log_cv_edad:
-2.30258509299
# log_Fref:
 1.00500000000 1.00500000000
