# Number of parameters = 140 Objective function value = 4826.94164205894  Maximum gradient component = 5.04360537086143e-05
# log_L50:
 1.38654135074943
# log_sigma1:
 -0.862003469870269
# log_sigma2:
 9.20000000000000
# log_Ro:
4.39802744266
# dev_log_Ro:
 0.0155493462331 0.0173988337635 0.0196431324145 0.0223598120469 0.0256534100452 0.0295926198605 0.0342679360916 0.0399391953174 0.0465477306049 0.0548052155189 0.0632481205316 0.0720134844144 0.0811865724485 0.0900444725585 0.100047518266 0.110185250995 0.118475869451 0.132197877421 0.149340790688 0.180141156301 0.231666001371 0.302708517923 0.439140677356 0.748266607647 0.511047457788 0.0950638461912 -0.471878144855 0.444920047946 -0.205127914723 -0.506587920806 -0.147469947852 -0.156913860950 -0.148383720171 -0.120429276738 0.313095959703 -0.267439831634 0.150673541871 0.119063634545 -0.476466312499 -0.647198099786 -0.678982292178 0.0799840302071 0.236179369142 0.182837526356 0.252995388050 0.466565889346 -0.224768595065 0.218206363549 -0.427076700009 -0.211453263443 -0.375772847024 -0.0517732624632 -0.180561384682 -0.0239080592782 -0.494494934876 -0.101485829722 0.513428899274 -0.492814084247 -0.310767298831 0.00653271839279 0.00673876020549
# dev_log_No:
 0.00723053984822 0.00592296960905 0.00482486888202 0.00391043517534 0.00315615959532 0.00253676146940 0.00203165544207 0.00162114174786 0.00128972564809 0.00102270762703 0.000808631725565 0.00299579124391
# log_F:
 -10.9649429828 -10.2721933877 -10.9659203578 -10.2742295213 -10.9690233595 -10.2777233970 -10.2797592501 -6.88035551301 -5.74959096872 -4.40034038870 -4.13259584484 -3.13841529853 -5.02858675024 -7.15509503226 -4.79907559779 -4.58087555746 -2.72244259900 -2.31946429222 -2.41737389041 -1.41858600581 -1.45815224735 -0.907949948891 -1.04841311097 -0.832737678689 -0.707304931505 -0.792615843717 -1.17224846285 -1.27925304607 -1.37844181357 -1.02297529844 -1.63593809674 -1.32154263333 -0.811434161089 -0.946777803716 -0.669065101250 -0.306538621191 -1.13941165702 -0.402796435129 -1.79021095635 -0.912841509662 -0.905447936410 -1.29612315712 -0.482580337505 -1.28389078196 -0.689826430358 -0.883041498583 -1.15493363354 -0.607420242258 -0.762296879774 -0.449203543224 -0.528453645073 -0.953661329999 -1.46501231297 -1.26185999772 -1.28550117308 -1.35569596523 -0.992952851321 -0.878235892146 -1.06859478575 -1.42574104694 -0.579132411827
# log_qflo:
 -4.99453260296
# log_b:
0.00000000000
# log_Lo:
3.91202300543
# log_cv_edad:
-2.30258509299
# log_Fref:
 1.00500000000 1.00500000000
