# Number of parameters = 140 Objective function value = 4827.09941941982  Maximum gradient component = 2.70812876901347e-05
# log_L50:
 1.38653660778008
# log_sigma1:
 -0.863144674385759
# log_sigma2:
 9.20000000000000
# log_Ro:
4.44074166103
# dev_log_Ro:
 0.0156034079546 0.0175337162669 0.0198908722524 0.0227636901004 0.0262706496244 0.0304951994122 0.0355467578930 0.0417200796964 0.0489833899432 0.0581451094429 0.0676832366838 0.0777628467679 0.0885107193976 0.0991588079825 0.111451034564 0.124395563158 0.135319793704 0.152260323755 0.172170618480 0.205917447832 0.259382284395 0.328660469611 0.457401610254 0.753388100419 0.515192254665 0.0979534115134 -0.472465504881 0.442637579930 -0.210194633198 -0.514953793533 -0.151393858703 -0.162385747616 -0.156404567031 -0.125655550534 0.302964880571 -0.269975621525 0.145093101024 0.110837357629 -0.482465567422 -0.657755858607 -0.684038365004 0.0703321968307 0.224047225220 0.170834700786 0.236594754356 0.449770352767 -0.238358360030 0.206351245515 -0.429518812456 -0.211394161213 -0.376217977375 -0.0553989332073 -0.187599251111 -0.0341128463982 -0.502654267464 -0.108595774368 0.506656490591 -0.498845080920 -0.312589704781 0.00654384681497 0.00674910957038
# dev_log_No:
 0.00721882440071 0.00587046773622 0.00474564671649 0.00381609642777 0.00305433362628 0.00243421281053 0.00193265488426 0.00152837903181 0.00120462172217 0.000946212102530 0.000741161086122 0.00262154967858
# log_F:
 -10.9319449547 -10.2392294326 -10.9329980917 -10.2413951246 -10.9362805938 -10.2450795656 -10.2472273377 -6.84794279193 -5.71728986460 -4.36805435437 -4.10028446185 -3.10583614817 -4.99629733521 -7.12394910393 -4.76908632911 -4.55199565332 -2.69409441455 -2.29116660809 -2.38995418444 -1.39151784445 -1.43222155105 -0.884732170640 -1.03211259965 -0.828442562639 -0.717945215411 -0.816762156688 -1.20037009450 -1.30753322984 -1.40539975092 -1.04870237376 -1.65978060718 -1.34123453249 -0.828512868435 -0.964237377715 -0.687597914332 -0.329250678357 -1.16459018800 -0.428488076017 -1.81759661776 -0.938457840421 -0.932009837065 -1.32213439133 -0.510522078446 -1.31395136014 -0.718534871725 -0.911046751588 -1.18055739711 -0.631773841756 -0.785222247649 -0.473933783624 -0.556857966860 -0.986340607217 -1.49739776450 -1.29267908958 -1.31520662015 -1.38361827323 -1.01970142672 -0.905941022379 -1.09701596766 -1.45226567124 -0.606681941325
# log_qflo:
 -5.02216049053
# log_b:
0.00000000000
# log_Lo:
3.91202300543
# log_cv_edad:
-2.30258509299
# log_Fref:
 1.00500000000 1.00500000000
