# Number of parameters = 140 Objective function value = 4826.64747766295  Maximum gradient component = 4.54226481148469e-05
# log_L50:
 1.38655135151159
# log_sigma1:
 -0.859627817186918
# log_sigma2:
 9.20000000000000
# log_Ro:
4.31293464507
# dev_log_Ro:
 0.0135400602529 0.0149804153799 0.0167042852832 0.0187617040107 0.0212206445545 0.0241174779556 0.0274994496514 0.0315337501510 0.0361346861344 0.0417523313266 0.0472399806038 0.0526804654710 0.0580989519093 0.0629530063023 0.0680031577473 0.0723434892820 0.0756333071835 0.0832746730181 0.0956804991811 0.121499398958 0.170348794610 0.245719307133 0.398362773868 0.740372702422 0.504949801386 0.0912568824987 -0.469013982582 0.452614355056 -0.192586964296 -0.487476918625 -0.136833792808 -0.143145133319 -0.129235535995 -0.106268476014 0.337582650651 -0.258894769201 0.166280920183 0.140427651365 -0.460062829380 -0.621299702896 -0.664650676509 0.104263352933 0.265314837709 0.211431636323 0.290449340254 0.504954494490 -0.194077063608 0.246827018506 -0.418068284190 -0.206867871289 -0.370608060067 -0.0394878143611 -0.161399786587 0.00215211558939 -0.473744878407 -0.0825650257429 0.531995984041 -0.478132865517 -0.306520838274 0.00588895423213 0.00609596206107
# dev_log_No:
 0.00619770995783 0.00515228147777 0.00426244901351 0.00351120515008 0.00288141868461 0.00235622936088 0.00192112188258 0.00156120661780 0.00126502815201 0.00102226841100 0.000824071943789 0.00336495510139
# log_F:
 -11.0377691590 -10.3448899674 -11.0384519105 -10.3464256393 -11.0408518560 -10.3491437996 -10.3507220967 -6.95082261895 -5.81955466762 -4.46997580095 -4.20196726216 -3.20799148322 -5.09723478891 -7.22102678711 -4.86221266841 -4.64129917035 -2.78130764561 -2.37782075377 -2.47373133235 -1.47406112876 -1.51161925010 -0.956681716899 -1.08478886929 -0.846561101743 -0.691484666247 -0.747556536382 -1.11862797149 -1.22488524926 -1.32635364846 -0.973000820960 -1.58969604132 -1.28350252677 -0.778673853963 -0.913482583265 -0.633826620245 -0.263197092968 -1.09132940240 -0.353941563090 -1.73778304117 -0.864013641179 -0.854848187386 -1.24668020022 -0.429373991347 -1.22631442301 -0.635081577272 -0.829635040858 -1.10614759122 -0.561047642587 -0.719033130977 -0.402375841627 -0.474581860705 -0.891079465441 -1.40285009410 -1.20263744194 -1.22849181976 -1.30213570253 -0.941820210007 -0.825054326014 -1.01385177675 -1.37490405315 -0.525731071810
# log_qflo:
 -4.94170178329
# log_b:
0.00000000000
# log_Lo:
3.91202300543
# log_cv_edad:
-2.30258509299
# log_Fref:
 1.00500000000 1.00500000000
