# Number of parameters = 131 Objective function value = 15494.9712066330  Maximum gradient component = 0.00378430993409326
# log_L50:
 1.64512644366253 1.59836297703065
# log_sigma1:
 -1.80511112276145 -0.0703897519426165
# log_sigma2:
 9.20000000000000 9.20000000000000
# log_Ro:
3.05235990198
# dev_log_Ro:
 0.102898862661 0.114941182723 0.126366660672 0.138155643517 0.150452155847 0.164768944173 0.180681005958 0.195555209579 0.209878581281 0.233899004328 0.256984191774 0.270232210040 0.283987838568 0.323583367399 0.347834403246 0.369982869185 0.391373006375 0.443510687343 0.457522270140 0.503945876517 0.476849551514 0.375278617643 0.359666687594 0.381792380353 0.404052094530 0.423161019529 0.399059092927 0.346920690548 0.240698997893 0.102888713580 0.0499605185439 0.0114947853160 -0.791386761527 -0.285509462284 -1.04607213369 -1.13069097407 -1.04954078325 -1.00932530772 0.304341869369 -1.31811234021 -0.294050668659 0.175100231647 -0.156964600995 0.120828739255 -0.123613208882 0.555592450862 0.175589230783 -0.469273594112 -0.899823919095 -0.156643955618 0.553433486648 -0.258262767958 -0.482111114965 -0.436388227324 0.100952757869 0.477477430554 0.144657847488 -0.163507954571 -1.01548042482 -0.385090341880 0.0254973758612
# dev_log_No:
 0.00000000000 0.00000000000 0.00000000000 0.00000000000 0.00000000000 0.00000000000 0.00000000000 0.00000000000 0.00000000000 0.00000000000 0.00000000000 0.00000000000
# log_F:
 -2.46172923040 -2.24552235146 -1.70631284308 -1.46166871035 -1.11848472972 -1.37999883229 -1.31191055662 -1.20302240935 -0.945066735205 -0.825141704802 -1.21363511282 -1.61954592625 -0.490196778703 -0.801152002698 -2.14182351184 -1.65518163286 0.220556987969 -0.323581243172 -0.636053285001 -0.762340613998 0.282556231494 -0.416749523561 -0.339529163610 -0.895822635531 0.699999836994 0.699998869741 0.610676295164 0.505097579157 0.155019777481 0.174110967415 -0.556109168115 -0.509448363939 -0.165826561377 -0.320609737669 -0.0321441255036 0.477480915641 -0.0658554741269 -0.0209694607018 -0.597991431692 -0.726919588022 -1.16030943173 -0.885047981187 0.0335465197978 -0.614482051848 -0.700353528833 -1.28023497792 -1.93855072988 -0.964373964548 -0.735136460852 -0.959623296764 -0.500146994259 -0.00353549477866 0.261480836351 0.163333566510 0.0107877356754 -0.476585766148 -0.614415900170 0.151059833298 -0.354633588817 -0.109845611957 0.126524227298
# log_qflo:
 -2.46009531491 -3.27900383308 -3.17915589769 -2.36609017360
# log_b:
0.00000000000
# log_Lo:
3.91202300543
# log_cv_edad:
-2.30258509299
