# Number of parameters = 131 Objective function value = 15495.8830319131  Maximum gradient component = 0.00128142655796641
# log_L50:
 1.64044640153268 1.59678904650654
# log_sigma1:
 -1.84964320874957 -0.0697064811988969
# log_sigma2:
 9.20000000000000 9.20000000000000
# log_Ro:
3.03777694432
# dev_log_Ro:
 0.102415307851 0.114311530556 0.125530602468 0.137101229161 0.149130806724 0.163146424547 0.178884358439 0.193578387204 0.207187682186 0.230766189368 0.253618004470 0.266294107595 0.278633275724 0.317646228155 0.341113702157 0.362082749212 0.381465641644 0.431117205118 0.442081169774 0.482843843604 0.467484271372 0.376780460057 0.350664809037 0.370725029511 0.389277493907 0.405835666260 0.386324527859 0.342743930640 0.246111695744 0.105804743508 0.0455497202844 0.0367565047904 -0.777036305874 -0.311064458398 -1.01724194250 -1.15481336326 -1.07866276650 -0.994217877465 0.288772616300 -1.28767789140 -0.322720112826 0.169720288105 -0.167728948546 0.117703265350 -0.125203127860 0.547854102989 0.246506491311 -0.445069407270 -0.833950316089 -0.210047999731 0.571447947860 -0.226568895855 -0.473999478420 -0.434585757241 0.0774784413413 0.492747263273 0.163376336129 -0.100075926024 -1.02187227493 -0.402360476398 0.0262832749918
# dev_log_No:
 0.00000000000 0.00000000000 0.00000000000 0.00000000000 0.00000000000 0.00000000000 0.00000000000 0.00000000000 0.00000000000 0.00000000000 0.00000000000 0.00000000000
# log_F:
 -2.47989946096 -2.26507260707 -1.72781220570 -1.48599712871 -1.14781122913 -1.41224810854 -1.34513700984 -1.23729982850 -0.981348957446 -0.864500304837 -1.25351619791 -1.65614391381 -0.528265430338 -0.844011074175 -2.18003589349 -1.68666012131 0.180578109105 -0.378005840628 -0.683593651172 -0.801745690697 0.242314520394 -0.458645489380 -0.366466627309 -0.912106088618 0.699999810404 0.699999083574 0.615535547280 0.515206298672 0.168113125701 0.198282023148 -0.529214239141 -0.483069991071 -0.138224808054 -0.291576112882 0.00200122977020 0.510064591663 0.00178293020626 0.0260013655903 -0.521902166610 -0.650136781070 -1.08405573005 -0.816208670273 0.0528988489893 -0.531116659232 -0.613344244256 -1.19678008755 -1.86953033236 -0.901916349901 -0.674936649462 -0.911644153613 -0.459758996917 0.0456937490301 0.331088196848 0.221783444926 0.0721236156823 -0.412396806694 -0.553590633029 0.218270001527 -0.293215641359 -0.0514748503860 0.184823943809
# log_qflo:
 -2.39328005752 -3.20555969065 -3.13371006309 -2.30150947505
# log_b:
0.00000000000
# log_Lo:
3.91202300543
# log_cv_edad:
-2.30258509299
