# Number of parameters = 131 Objective function value = 15497.8709021757  Maximum gradient component = 0.000117732311434143
# log_L50:
 1.63656023070137 1.59085640897346
# log_sigma1:
 -1.73292551182889 -0.0757435169489211
# log_sigma2:
 9.20000000000000 9.20000000000000
# log_Ro:
3.01608956506
# dev_log_Ro:
 0.100434031439 0.112003177846 0.122796740308 0.133923640131 0.145419147988 0.158835823674 0.174206721266 0.188540944128 0.200813323724 0.223531411823 0.245910044661 0.257577127088 0.267464835229 0.305464103851 0.327601790557 0.346618515051 0.362741127844 0.408720022730 0.415401624898 0.448073816185 0.445507291627 0.374807777651 0.332535822579 0.350872305292 0.365352814102 0.377339643312 0.362170298762 0.330302909613 0.252575205168 0.118219759339 0.0575178785910 0.0751013333484 -0.745457589406 -0.347082223328 -0.975716062539 -1.18133512027 -1.12373840998 -0.974925221731 0.266650850740 -1.20864440227 -0.369362721437 0.160113289241 -0.178993471415 0.107675480074 -0.123419190021 0.527545468773 0.357369164938 -0.418254402554 -0.716792789155 -0.302353966743 0.597225911828 -0.173446215302 -0.459011911728 -0.431945922843 0.0433070828661 0.513850570145 0.194334659340 -0.00371762389752 -1.02498138446 -0.424452912982 0.0271780543228
# dev_log_No:
 0.00000000000 0.00000000000 0.00000000000 0.00000000000 0.00000000000 0.00000000000 0.00000000000 0.00000000000 0.00000000000 0.00000000000 0.00000000000 0.00000000000
# log_F:
 -2.51543203952 -2.30321203247 -1.76953211735 -1.53298293932 -1.20387070962 -1.47376259504 -1.40822356154 -1.30202458386 -1.04921284974 -0.937516770127 -1.32787133782 -1.72487999925 -0.597858270538 -0.922609494019 -2.25175614705 -1.74584235215 0.110851851020 -0.475456315004 -0.770547005239 -0.875005592379 0.171408408093 -0.538061641743 -0.420403408732 -0.950492377028 0.699999750493 0.699999278207 0.628133661662 0.533075780853 0.180881207942 0.230433909397 -0.497610662109 -0.446720958018 -0.0957149273560 -0.250464702805 0.0416203280711 0.537873208420 0.0832077685238 0.0708322328565 -0.432296750607 -0.552284189692 -0.986348535144 -0.731057016901 0.0534003767176 -0.409842110844 -0.484030395267 -1.07035531195 -1.76594377416 -0.806543010674 -0.582284667986 -0.839014836467 -0.397447991034 0.120189974907 0.437312685970 0.306088590495 0.164295809428 -0.315511359191 -0.461817742883 0.319068278849 -0.202463471689 0.0372372605252 0.271746545624
# log_qflo:
 -2.31139958791 -3.09448673443 -3.06421136504 -2.20403681482
# log_b:
0.00000000000
# log_Lo:
3.91202300543
# log_cv_edad:
-2.30258509299
