# Number of parameters = 131 Objective function value = 15499.3840497200  Maximum gradient component = 0.00121371879221213
# log_L50:
 1.62661596490135 1.58497581934535
# log_sigma1:
 -1.91037793527077 -0.0841378532949717
# log_sigma2:
 9.20000000000000 9.20000000000000
# log_Ro:
3.00443348670
# dev_log_Ro:
 0.0986142044059 0.109950992082 0.120451235242 0.131274520715 0.142405548032 0.155416938638 0.170537183086 0.184629707434 0.196020019425 0.218175527624 0.240246867852 0.251286319024 0.259650600977 0.297095531067 0.318455004252 0.336341532062 0.350573517217 0.394796867979 0.399386093852 0.428079933230 0.430129857210 0.370411648615 0.319072131518 0.337814110344 0.351468130168 0.360893165960 0.346927660766 0.320249822450 0.254380531866 0.128807818806 0.0743005924257 0.0964915651611 -0.724003429895 -0.365398141951 -0.955421406882 -1.18893571713 -1.14791451971 -0.966731997753 0.254336780237 -1.14267733099 -0.398290766917 0.155025660454 -0.182546980135 0.100044533012 -0.121074828478 0.512021215705 0.418878883288 -0.409488862245 -0.644050327951 -0.360728606049 0.610750703481 -0.142026095253 -0.448684715449 -0.430952962751 0.0254941161235 0.524468487458 0.213114236645 0.0485752519639 -1.02205628457 -0.433521843429 0.0274597696742
# dev_log_No:
 0.00000000000 0.00000000000 0.00000000000 0.00000000000 0.00000000000 0.00000000000 0.00000000000 0.00000000000 0.00000000000 0.00000000000 0.00000000000 0.00000000000
# log_F:
 -2.54031099558 -2.32983550832 -1.79845823434 -1.56536098741 -1.24207484633 -1.51566128321 -1.45103185429 -1.34573675813 -1.09461988436 -0.985995784638 -1.37758995933 -1.77127170310 -0.643436829621 -0.974407104709 -2.30034001303 -1.78604797400 0.0673640345442 -0.538496987461 -0.828157068843 -0.924448205196 0.126347447559 -0.592921806230 -0.459619421654 -0.982287582258 0.699999716712 0.699999287779 0.640463588816 0.545772592930 0.181152807490 0.243416111509 -0.490493235690 -0.432564381211 -0.0744037148062 -0.233300006755 0.0519780627901 0.539318131097 0.111039311399 0.0772761837398 -0.402605541716 -0.513785845032 -0.947612481625 -0.699613980588 0.0354254992967 -0.348337455733 -0.417137374424 -1.00337083425 -1.71173845136 -0.755437684229 -0.532421464594 -0.801169820498 -0.363466057092 0.159326882285 0.494329280912 0.347540520381 0.212349485066 -0.264504145570 -0.413418838919 0.371847403015 -0.156124951970 0.0841472839097 0.316761694599
# log_qflo:
 -2.28090216345 -3.03580738765 -3.02714307438 -2.15280224602
# log_b:
0.00000000000
# log_Lo:
3.91202300543
# log_cv_edad:
-2.30258509299
