# Number of parameters = 131 Objective function value = 15498.8500945169  Maximum gradient component = 0.000987156549522158
# log_L50:
 1.62878508795345 1.58715633586861
# log_sigma1:
 -1.90661094383644 -0.0808967418391543
# log_sigma2:
 9.20000000000000 9.20000000000000
# log_Ro:
3.00821610205
# dev_log_Ro:
 0.0992696252300 0.110685959809 0.121286546720 0.132213615930 0.143469249283 0.156618926959 0.171824507738 0.185999063798 0.197689802966 0.220035050920 0.242209299639 0.253459335986 0.262336093699 0.299956623799 0.321572040900 0.339830397318 0.354687559351 0.399449508972 0.404697512524 0.434641396924 0.435337709792 0.372154254851 0.323850879932 0.342295782858 0.356057909010 0.366308646779 0.352024685974 0.323777153182 0.253969338016 0.125078534453 0.0679836830270 0.0895099848070 -0.731312606144 -0.359513174587 -0.961794470325 -1.18707009905 -1.14010795081 -0.969223483714 0.258441427307 -1.16630873921 -0.388460151806 0.156608393328 -0.181599926121 0.102657794510 -0.121882081200 0.517414402627 0.398820164309 -0.411844436638 -0.668386362848 -0.340968389573 0.606379646289 -0.152438203253 -0.452256720563 -0.431220534183 0.0312281897995 0.521069509938 0.206826483058 0.0315898512907 -1.02344320592 -0.430873393649 0.0273873859854
# dev_log_No:
 0.00000000000 0.00000000000 0.00000000000 0.00000000000 0.00000000000 0.00000000000 0.00000000000 0.00000000000 0.00000000000 0.00000000000 0.00000000000 0.00000000000
# log_F:
 -2.53168702354 -2.32061471134 -1.78845940478 -1.55418841417 -1.22893066646 -1.50124401243 -1.43631378902 -1.33072437903 -1.07906204650 -0.969416429956 -1.36055006115 -1.75532975621 -0.627902036638 -0.956715032347 -2.28361838124 -1.77219846227 0.0819955454692 -0.517048431147 -0.808430609677 -0.907435530305 0.141599806376 -0.573928431543 -0.445879620364 -0.970827822980 0.699999729281 0.699999275986 0.635735095612 0.541210847020 0.181790072509 0.239682369939 -0.491642333408 -0.436466303629 -0.0810494271725 -0.238201908147 0.0498618980281 0.540082280054 0.103662160945 0.0768787258772 -0.410396409986 -0.524783779656 -0.958729148527 -0.708343289308 0.0429024378881 -0.367851953450 -0.438453896141 -1.02486849460 -1.72906595593 -0.771899646481 -0.548484488417 -0.813215180831 -0.374474402966 0.146819238339 0.475951282241 0.334574670664 0.197023472212 -0.280832849815 -0.428927515040 0.354970718413 -0.170809818497 0.0691230642469 0.302427838687
# log_qflo:
 -2.28945415812 -3.05462033274 -3.03904836094 -2.16919119747
# log_b:
0.00000000000
# log_Lo:
3.91202300543
# log_cv_edad:
-2.30258509299
