# Number of parameters = 131 Objective function value = 15494.7107460477  Maximum gradient component = 0.00376421579245175
# log_L50:
 1.64587979673431 1.59858180891270
# log_sigma1:
 -1.81151653585578 -0.0713205883077997
# log_sigma2:
 9.20000000000000 9.20000000000000
# log_Ro:
3.05751802162
# dev_log_Ro:
 0.102931249820 0.115012491074 0.126496214840 0.138347905545 0.150723300419 0.165129573904 0.181091097515 0.196015951554 0.210563248523 0.234712435945 0.257864150342 0.271296068245 0.285511572171 0.325288908082 0.349792977815 0.372330338333 0.394392500313 0.447381292158 0.462482396445 0.510908540940 0.479170537868 0.374449914414 0.362398801023 0.385346081414 0.409023891648 0.428883334935 0.402850087600 0.347675242658 0.238721873579 0.102863577648 0.0536857386235 0.00248407446830 -0.794874735884 -0.276348792817 -1.05605812804 -1.12143035444 -1.03970314964 -1.01479500918 0.310060400129 -1.32559470401 -0.284216587856 0.176681100700 -0.152566344792 0.121194290418 -0.122466047391 0.557279350972 0.151316573533 -0.478789305025 -0.920831953361 -0.139026091381 0.546893058740 -0.268679472305 -0.484748030244 -0.436959129211 0.109295949533 0.471870650309 0.138323066319 -0.185563581930 -1.01263256990 -0.378650711534 0.0251948884337
# dev_log_No:
 0.00000000000 0.00000000000 0.00000000000 0.00000000000 0.00000000000 0.00000000000 0.00000000000 0.00000000000 0.00000000000 0.00000000000 0.00000000000 0.00000000000
# log_F:
 -2.45617653624 -2.23954251594 -1.69972355430 -1.45419969764 -1.10943769133 -1.37003346525 -1.30161504841 -1.19236739917 -0.933732729936 -0.812793256887 -1.20114450580 -1.60811547027 -0.478155805076 -0.787603251899 -2.12986191878 -1.64532896319 0.233507877440 -0.306125965872 -0.620949991853 -0.749908661876 0.295573277064 -0.403624128587 -0.331311939401 -0.891296648592 0.699999844815 0.699998758706 0.609341490450 0.501726608242 0.149930529171 0.165394140192 -0.565976324720 -0.518653455650 -0.175111453468 -0.330671788011 -0.0449703072071 0.463829195324 -0.0912968685368 -0.0400004781912 -0.626838481499 -0.755344540672 -1.18840675924 -0.910719123058 0.0237953181361 -0.643972991001 -0.730797931423 -1.30919843332 -1.96260017178 -0.985980128289 -0.755865397389 -0.976217487919 -0.514085044523 -0.0206072979537 0.237363733519 0.142659598255 -0.0105504520188 -0.498900190219 -0.635575791139 0.127612697902 -0.376165186649 -0.130055108261 0.106147632422
# log_qflo:
 -2.48521358848 -3.30450530312 -3.19484873781 -2.38853126376
# log_b:
0.00000000000
# log_Lo:
3.91202300543
# log_cv_edad:
-2.30258509299
