# Number of parameters = 131 Objective function value = 15501.1830686461  Maximum gradient component = 0.000454021434960061
# log_L50:
 1.61612047376268 1.57688701655906
# log_sigma1:
 -1.97710566239938 -0.0969416047410682
# log_sigma2:
 9.20000000000000 9.20000000000000
# log_Ro:
2.99364849414
# dev_log_Ro:
 0.0963775378466 0.107465933678 0.117653551898 0.128152935983 0.138894063997 0.151475415840 0.166334416062 0.180175784620 0.190626132272 0.212209310298 0.233978107240 0.244380133950 0.251172697698 0.288177615051 0.308801399596 0.325608316613 0.337985498405 0.380931978567 0.383772327597 0.409196494809 0.414595896476 0.363577395065 0.302327009025 0.323244383181 0.337905476543 0.345065983558 0.331730641515 0.308817519743 0.254476207696 0.141031679713 0.0974140834822 0.116147796254 -0.701178193722 -0.382021259837 -0.938666202487 -1.19073077550 -1.16987367724 -0.960393351823 0.241575361865 -1.06136926568 -0.429656261268 0.151264985582 -0.184019602254 0.0921343437735 -0.118979733378 0.494851674963 0.476271858978 -0.405618609218 -0.571112326297 -0.422127752416 0.623136927512 -0.111223393881 -0.437125114449 -0.430571894738 0.00936620856287 0.533993120618 0.232158578430 0.0969695825565 -1.01537412846 -0.438931662285 0.0275468378141
# dev_log_No:
 0.00000000000 0.00000000000 0.00000000000 0.00000000000 0.00000000000 0.00000000000 0.00000000000 0.00000000000 0.00000000000 0.00000000000 0.00000000000 0.00000000000
# log_F:
 -2.56843284495 -2.35984347534 -1.83084816177 -1.60140679465 -1.28420541338 -1.56191266177 -1.49817487295 -1.39371871505 -1.14409646956 -1.03852101241 -1.43186033818 -1.82235932517 -0.692301044739 -1.03037291794 -2.35416623183 -1.83071129973 0.0226493349046 -0.605880559389 -0.891002225399 -0.979221182644 0.0790455253490 -0.654880398326 -0.505498272058 -1.02271091927 0.699999680974 0.699999315074 0.660992632920 0.563545853500 0.174332694430 0.250878651783 -0.495754163298 -0.426736047231 -0.0576899448434 -0.224722521235 0.0486730940509 0.529726903404 0.120775905071 0.0675520598531 -0.392481873278 -0.492805570256 -0.925875863355 -0.684652770870 0.00427622721178 -0.296115890782 -0.359766228507 -0.944563368234 -1.66482001696 -0.709973843737 -0.488199775619 -0.769120528359 -0.332667417099 0.193061062070 0.545132539070 0.380634318069 0.253509710049 -0.220187433889 -0.371188371944 0.417580124963 -0.117310779486 0.124887421444 0.355126148205
# log_qflo:
 -2.26534262748 -2.98448761624 -2.99463338606 -2.10843190107
# log_b:
0.00000000000
# log_Lo:
3.91202300543
# log_cv_edad:
-2.30258509299
