# Number of parameters = 131 Objective function value = 15500.5486975472  Maximum gradient component = 0.000741565920540510
# log_L50:
 1.62063869467006 1.57986495473807
# log_sigma1:
 -1.94746787935551 -0.0921142654934534
# log_sigma2:
 9.20000000000000 9.20000000000000
# log_Ro:
2.99715441832
# dev_log_Ro:
 0.0971663200033 0.108338670909 0.118632155226 0.129241462892 0.140114993790 0.152841666550 0.167788346617 0.181713999476 0.192483956490 0.214257522584 0.236125413395 0.246740656233 0.254063379204 0.291197649511 0.312060365080 0.329220545976 0.342213899651 0.385523779793 0.388909252237 0.415340440757 0.419706898605 0.366114640126 0.308390670531 0.328328955089 0.342391811496 0.350269513088 0.336763622747 0.312750839110 0.254627473819 0.136788346698 0.0890189104194 0.109857500327 -0.708937634681 -0.376630296188 -0.943854355471 -1.19074819713 -1.16278969696 -0.962343502664 0.245942142462 -1.09025597120 -0.418817603000 0.152327195051 -0.183756939011 0.0947523122806 -0.119579471190 0.500712484934 0.457613647599 -0.406389942784 -0.595364263076 -0.401279256877 0.619122084023 -0.121415193105 -0.441123553729 -0.430626327359 0.0145774202222 0.530915006326 0.225780760356 0.0812549210748 -1.01802501396 -0.437583982238 0.0275395678573
# dev_log_No:
 0.00000000000 0.00000000000 0.00000000000 0.00000000000 0.00000000000 0.00000000000 0.00000000000 0.00000000000 0.00000000000 0.00000000000 0.00000000000 0.00000000000
# log_F:
 -2.55865789286 -2.34942348873 -1.81962767098 -1.58894551539 -1.26968814092 -1.54596627128 -1.48193267763 -1.37720444881 -1.12711004829 -1.02052099085 -1.41321027154 -1.80474750987 -0.675615608704 -1.01120303238 -2.33556489563 -1.81526249111 0.0376911015805 -0.582871420303 -0.869391997595 -0.960288919134 0.0950831502901 -0.633328235173 -0.489367896512 -1.00814696189 0.699999692553 0.699999306278 0.652744216112 0.556652943217 0.177452920265 0.249009833817 -0.492432356382 -0.427618315683 -0.0626906875061 -0.226449140602 0.0515469800387 0.534119034463 0.119690821078 0.0726565949568 -0.393591633538 -0.497702374675 -0.931109032169 -0.687701839279 0.0160966118325 -0.312427108512 -0.377722390791 -0.963146279207 -1.67955157532 -0.724425441351 -0.502215872495 -0.779055718872 -0.342529097778 0.182504300067 0.528979458636 0.370641662838 0.240660363745 -0.234117047604 -0.384492364904 0.403214193860 -0.129305931212 0.112096318853 0.343173856644
# log_qflo:
 -2.26880604697 -3.00067569009 -3.00488436425 -2.12235487273
# log_b:
0.00000000000
# log_Lo:
3.91202300543
# log_cv_edad:
-2.30258509299
