# Number of parameters = 131 Objective function value = 15495.2531434580  Maximum gradient component = 0.00233807132392951
# log_L50:
 1.64327307673949 1.59799297874809
# log_sigma1:
 -1.82938074412997 -0.0698115517641928
# log_sigma2:
 9.20000000000000 9.20000000000000
# log_Ro:
3.04735484575
# dev_log_Ro:
 0.102800565255 0.114799444786 0.126160601228 0.137881173832 0.150093744657 0.164315849271 0.180174682508 0.194991826250 0.209085867510 0.232965948142 0.255979320280 0.269040300576 0.282328563014 0.321736288497 0.345728848081 0.367485532716 0.388204546180 0.439499468487 0.452457002572 0.496932362330 0.474114585199 0.375958718391 0.356802441890 0.378170248494 0.399100699818 0.417400173408 0.395022820903 0.345838064568 0.242597944043 0.103406852573 0.0473993543759 0.0201793839871 -0.787173058067 -0.294359555617 -1.03622671628 -1.13936882626 -1.05934499268 -1.00403936929 0.298901050138 -1.30931473806 -0.303731038800 0.173396123696 -0.160940007601 0.120101277265 -0.124432977120 0.553442073334 0.199557443445 -0.460491397667 -0.878322066694 -0.174336650166 0.559691617385 -0.247756951400 -0.479450755002 -0.435794117791 0.0928704625435 0.482815961523 0.150935534730 -0.141902507315 -1.01797366848 -0.391185106210 0.0257797326152
# dev_log_No:
 0.00000000000 0.00000000000 0.00000000000 0.00000000000 0.00000000000 0.00000000000 0.00000000000 0.00000000000 0.00000000000 0.00000000000 0.00000000000 0.00000000000
# log_F:
 -2.46753368609 -2.25177074419 -1.71319169538 -1.46946006348 -1.12789996352 -1.39036056375 -1.32260049128 -1.21406743142 -0.956786365235 -0.837882460017 -1.22653285931 -1.63136399924 -0.502569279888 -0.815076171022 -2.15417417966 -1.66535437064 0.207408130601 -0.341386539640 -0.651530454577 -0.775122320301 0.269336129255 -0.430286524135 -0.348114665830 -0.900777152134 0.699999828936 0.699998956390 0.612137724937 0.508456936572 0.159760161669 0.182510454688 -0.546654579168 -0.500416497369 -0.156557392633 -0.310707224226 -0.0200148617265 0.489718570186 -0.0418388035534 -0.00363392488370 -0.570858550702 -0.699896544154 -1.13352575099 -0.860713924248 0.0416323761669 -0.585836151286 -0.670617377947 -1.25183305844 -1.91501324830 -0.943153471829 -0.714729188585 -0.943317454916 -0.486445288945 0.0132132031136 0.285145176070 0.183422995846 0.0316892183831 -0.454722967632 -0.593692440252 0.173990992092 -0.333622755632 -0.0900036259696 0.146435412573
# log_qflo:
 -2.43639027369 -3.25400190345 -3.16372824000 -2.34409764989
# log_b:
0.00000000000
# log_Lo:
3.91202300543
# log_cv_edad:
-2.30258509299
