# Number of parameters = 131 Objective function value = 15494.4714343593  Maximum gradient component = 0.00210457647773044
# log_L50:
 1.64638730873147 1.59865117600706
# log_sigma1:
 -1.82306306911874 -0.0726082887674877
# log_sigma2:
 9.20000000000000 9.20000000000000
# log_Ro:
3.06283671334
# dev_log_Ro:
 0.102895874267 0.115009984776 0.126546902220 0.138456338209 0.150904829734 0.165393947980 0.181398924683 0.196371306095 0.211132557109 0.235402492734 0.258613225315 0.272224364019 0.286893915742 0.326842590001 0.351595280182 0.374517555926 0.397250587699 0.451093201679 0.467316468696 0.517794705178 0.481065651272 0.373495054219 0.365002263268 0.388828858491 0.414011084492 0.434549054292 0.406366801171 0.348089207441 0.236678797942 0.103355002852 0.0586268625115 -0.00690670657785 -0.797496794202 -0.266905152004 -1.06609062796 -1.11164122991 -1.02988807056 -1.02037628127 0.316073186575 -1.33178475868 -0.274209757954 0.178112727162 -0.147717235627 0.121160104315 -0.120965378481 0.558477274314 0.126758240209 -0.489051122942 -0.941324318743 -0.121457121792 0.540045907770 -0.278982247828 -0.487377603534 -0.437493783929 0.117901872776 0.465979668115 0.131915443873 -0.208057339143 -1.00943557654 -0.371859443083 0.0248724354676
# dev_log_No:
 0.00000000000 0.00000000000 0.00000000000 0.00000000000 0.00000000000 0.00000000000 0.00000000000 0.00000000000 0.00000000000 0.00000000000 0.00000000000 0.00000000000
# log_F:
 -2.45087717114 -2.23383346719 -1.69342753941 -1.44705874336 -1.10076788431 -1.36047399041 -1.29172390418 -1.18211338486 -0.922797818003 -0.800853060729 -1.18907451239 -1.59708232946 -0.466461380610 -0.774444737394 -2.11829637938 -1.63580004777 0.246241012060 -0.289037272579 -0.606228483862 -0.737828286823 0.308376327066 -0.390901553590 -0.323444740257 -0.887165574093 0.699999851677 0.699998619680 0.608107504426 0.498323858459 0.144504461416 0.156371088268 -0.576208496192 -0.527989936223 -0.184378902705 -0.340852397964 -0.0584613960500 0.448733336695 -0.118131095477 -0.0607446595459 -0.657354650230 -0.785156598454 -1.21778004719 -0.937688380579 0.0123557893930 -0.674299903187 -0.761933170672 -1.33870874073 -1.98714903261 -1.00796158189 -0.776903640672 -0.993083923990 -0.528258536980 -0.0379925514205 0.212798460907 0.121415109200 -0.0323131524846 -0.521657468917 -0.657165234190 0.103655881404 -0.398206720197 -0.150621545499 0.0853125994436
# log_qflo:
 -2.51173025776 -3.33049212604 -3.21079805831 -2.41141057969
# log_b:
0.00000000000
# log_Lo:
3.91202300543
# log_cv_edad:
-2.30258509299
