# Number of parameters = 131 Objective function value = 15498.3461947203  Maximum gradient component = 0.000843264814280346
# log_L50:
 1.63100117071462 1.58911164638188
# log_sigma1:
 -1.88912603019563 -0.0781073943552764
# log_sigma2:
 9.20000000000000 9.20000000000000
# log_Ro:
3.01210003235
# dev_log_Ro:
 0.0998768311341 0.111370806902 0.122069059392 0.133097571961 0.144474998213 0.157759357614 0.173048934551 0.187303996580 0.199288617782 0.221822068647 0.244098628502 0.255558287132 0.264942528231 0.302748624512 0.324624096562 0.343258874636 0.358746300792 0.404095058688 0.410039977802 0.441310322523 0.440478580836 0.373619915106 0.328329967880 0.346642080772 0.360683789026 0.371791331022 0.357110158121 0.327133121038 0.253365673912 0.121541654744 0.0623810673987 0.0823733876641 -0.738467567006 -0.353416332095 -0.968559372869 -1.18454175662 -1.13204941677 -0.971946811970 0.262534078060 -1.18828291109 -0.378835490055 0.158312519225 -0.180418386017 0.105210714621 -0.122675793655 0.522597832189 0.378313449724 -0.414760129670 -0.692650727615 -0.321517919050 0.601874361163 -0.162914104421 -0.455696956290 -0.431553068959 0.0371623477091 0.517534618396 0.200567523239 0.0141616168243 -1.02441661163 -0.427844837477 0.0272934624327
# dev_log_No:
 0.00000000000 0.00000000000 0.00000000000 0.00000000000 0.00000000000 0.00000000000 0.00000000000 0.00000000000 0.00000000000 0.00000000000 0.00000000000 0.00000000000
# log_F:
 -2.52340016446 -2.31174642158 -1.77882320550 -1.54340143879 -1.21620142094 -1.48728445968 -1.42205109710 -1.31616034464 -1.06393254283 -0.953262840099 -1.34398513348 -1.73987490960 -0.612713840102 -0.939456755313 -2.26743533512 -1.75880664935 0.0964912384605 -0.496044945427 -0.789239949262 -0.890967821986 0.156615884640 -0.555660041369 -0.432823956328 -0.960251008671 0.699999741823 0.699999262464 0.631662354954 0.537005120631 0.181678476239 0.235343630260 -0.494052470044 -0.441212502236 -0.0881682386644 -0.243954161072 0.0463717393621 0.539604017072 0.0943607674140 0.0747218405270 -0.420308944131 -0.537641307922 -0.971662656340 -0.718842251918 0.0488993822525 -0.388362197747 -0.460767106599 -1.04721247923 -1.74714818339 -0.788945684072 -0.565119541619 -0.825845710606 -0.385808342016 0.133760753195 0.456933463487 0.320741705604 0.180990438006 -0.297849319379 -0.445072699010 0.337364389168 -0.186270981558 0.0534714628079 0.287409228774
# log_qflo:
 -2.29962991876 -3.07419449434 -3.05141578289 -2.18628426504
# log_b:
0.00000000000
# log_Lo:
3.91202300543
# log_cv_edad:
-2.30258509299
