# Number of parameters = 131 Objective function value = 15496.2319741315  Maximum gradient component = 7.35489091393053e-06
# log_L50:
 1.64108979075893 1.59594778193557
# log_sigma1:
 -1.78938729430491 -0.0701819456932524
# log_sigma2:
 9.20000000000000 9.20000000000000
# log_Ro:
3.03319195977
# dev_log_Ro:
 0.102131917859 0.113970200498 0.125111676910 0.136600924819 0.148531981688 0.162436706276 0.178107994318 0.192735498873 0.206091280708 0.229508615546 0.252272542003 0.264751627156 0.276609099669 0.315419078026 0.338621010050 0.359196028407 0.377916518097 0.426776188083 0.436802782000 0.475807251236 0.463639782094 0.376879494154 0.347379607333 0.366902281649 0.384414402784 0.400063738770 0.381718017262 0.340762068517 0.247697692640 0.107620922346 0.0461498907431 0.0447275751714 -0.771303766894 -0.318908104506 -1.00820530007 -1.16152248024 -1.08809805543 -0.989743442871 0.284038304458 -1.27478490129 -0.332080326187 0.167798230105 -0.170591682857 0.116098356048 -0.125210238113 0.544466768682 0.269453377571 -0.438398968533 -0.811148076178 -0.228116077745 0.576984716969 -0.215927748644 -0.471180946570 -0.433994500155 0.0701618180727 0.497367706674 0.169564622300 -0.0798650644253 -1.02326517487 -0.407447595189 0.0265041541917
# dev_log_No:
 0.00000000000 0.00000000000 0.00000000000 0.00000000000 0.00000000000 0.00000000000 0.00000000000 0.00000000000 0.00000000000 0.00000000000 0.00000000000 0.00000000000
# log_F:
 -2.48646575136 -2.27213022619 -1.73555559264 -1.49474163755 -1.15830116010 -1.42376830518 -1.35697756029 -1.24948022972 -0.994181504766 -0.878363838569 -1.26759305841 -1.66910352575 -0.541574557058 -0.859010872181 -2.19355172319 -1.69780030860 0.166921342655 -0.396811054448 -0.700184723067 -0.815601672386 0.228519923223 -0.473503080459 -0.376278244599 -0.918552540674 0.699999800407 0.699999132363 0.617521727316 0.518627236320 0.171670117785 0.205605434168 -0.521362272265 -0.474868090808 -0.129248570029 -0.282457656279 0.0118000877928 0.518223571859 0.0213136243758 0.0383153724336 -0.500157471289 -0.627453949147 -1.06145287619 -0.796113828873 0.0561228202126 -0.505063259964 -0.585847961085 -1.17016691601 -1.84761661705 -0.881926338274 -0.655584217206 -0.896318282876 -0.446781131690 0.0613970387052 0.353348119296 0.240016951004 0.0916217709688 -0.391961147383 -0.534234971983 0.239594620590 -0.273850619936 -0.0328200440789 0.203277138883
# log_qflo:
 -2.37390697157 -3.18215485549 -3.11914417434 -2.28094496439
# log_b:
0.00000000000
# log_Lo:
3.91202300543
# log_cv_edad:
-2.30258509299
