# Number of parameters = 131 Objective function value = 15496.6044078645  Maximum gradient component = 5.74961912098411e-05
# log_L50:
 1.63968968009998 1.59494059001330
# log_sigma1:
 -1.79155950264507 -0.0710147894122872
# log_sigma2:
 9.20000000000000 9.20000000000000
# log_Ro:
3.02873562584
# dev_log_Ro:
 0.101790423078 0.113566819123 0.124626612971 0.136030427782 0.147858622387 0.161647822931 0.177248789728 0.191806802861 0.204901883899 0.228151951971 0.250824048332 0.263103518549 0.274474903686 0.313080439235 0.336015754178 0.356197748006 0.374260542872 0.422353356393 0.431483105010 0.468797831532 0.459483439787 0.376745585445 0.343939219118 0.363010699237 0.379588306549 0.394317379024 0.376975082284 0.338510720009 0.249150323916 0.109803736745 0.0476949654333 0.0525286339969 -0.765228510872 -0.326417666204 -0.999517817393 -1.16753316888 -1.09734331584 -0.985579127637 0.279488804222 -1.26046931335 -0.341389975946 0.165852551354 -0.173130100468 0.114264116186 -0.125004586831 0.540717241503 0.292027321645 -0.432400172105 -0.787986779649 -0.246357719774 0.582316609280 -0.205279650181 -0.468283727431 -0.433425895003 0.0630922433525 0.501775579148 0.175746044199 -0.0601253334868 -1.02427870753 -0.412202666589 0.0267042282139
# dev_log_No:
 0.00000000000 0.00000000000 0.00000000000 0.00000000000 0.00000000000 0.00000000000 0.00000000000 0.00000000000 0.00000000000 0.00000000000 0.00000000000 0.00000000000
# log_F:
 -2.49329399119 -2.27946493359 -1.74359223045 -1.50380633983 -1.16914747356 -1.43567389744 -1.36920057127 -1.26203721353 -1.00737991448 -0.892593835987 -1.28206034059 -1.68244734589 -0.555186578439 -0.874364676221 -2.20746724741 -1.70927534580 0.153115254541 -0.415948956126 -0.717159696350 -0.829836706404 0.214536045162 -0.488843144045 -0.386547455747 -0.925571312710 0.699999789461 0.699999169837 0.619735281270 0.522099677981 0.174767163805 0.212514538239 -0.514190142102 -0.467063527294 -0.120461157592 -0.273718583877 0.0207246959908 0.525068296203 0.0392693935403 0.0489620575723 -0.480286090114 -0.606281777136 -1.04033111348 -0.777509620090 0.0577672339860 -0.479895620892 -0.559141833630 -1.14419144160 -1.82627885211 -0.862375560334 -0.636619546250 -0.881364300594 -0.434053358352 0.0767197197005 0.375117435357 0.257590576346 0.110613412637 -0.372032889292 -0.515361434654 0.260356443351 -0.255069332120 -0.0145971190669 0.221216170502
# log_qflo:
 -2.35601202459 -3.15932090904 -3.10489308767 -2.26089167181
# log_b:
0.00000000000
# log_Lo:
3.91202300543
# log_cv_edad:
-2.30258509299
