# Number of parameters = 131 Objective function value = 15497.0010940042  Maximum gradient component = 0.000175767039619828
# log_L50:
 1.63837100936981 1.59376138848888
# log_sigma1:
 -1.78766258650285 -0.0722121617628015
# log_sigma2:
 9.20000000000000 9.20000000000000
# log_Ro:
3.02440291285
# dev_log_Ro:
 0.101392533789 0.113103014806 0.124077537369 0.135392553603 0.147113667578 0.160782781675 0.176310052265 0.190795690586 0.203623438918 0.226700835807 0.249277514447 0.261354968760 0.272236018929 0.310636979777 0.333305663954 0.353096441761 0.370506928500 0.417861644311 0.426134988245 0.461830225011 0.455050127348 0.376363324770 0.340331213571 0.359046666217 0.374801288058 0.388608193855 0.372120493930 0.336006062143 0.250455673838 0.112319475035 0.0501347765984 0.0601823115392 -0.758867656886 -0.333604778495 -0.991199923899 -1.17283822342 -1.10637571064 -0.981726564423 0.275095166452 -1.24469815714 -0.350682102491 0.163907276766 -0.175364619969 0.112229985920 -0.124616531175 0.536630476470 0.314213629444 -0.427055441593 -0.764509543271 -0.264796164216 0.587458631596 -0.194640756046 -0.465296502512 -0.432889417962 0.0562642947992 0.505983631893 0.181929823593 -0.0408561303622 -1.02490661867 -0.416624488439 0.0268833276803
# dev_log_No:
 0.00000000000 0.00000000000 0.00000000000 0.00000000000 0.00000000000 0.00000000000 0.00000000000 0.00000000000 0.00000000000 0.00000000000 0.00000000000 0.00000000000
# log_F:
 -2.50039133209 -2.28708371850 -1.75192809597 -1.51319622350 -1.18035350262 -1.44796931071 -1.38181034587 -1.27497488127 -1.02094690742 -0.907192098332 -1.29692291758 -1.69618314952 -0.569101913288 -0.890076677330 -2.22179492469 -1.72109690263 0.139165760441 -0.435427026754 -0.734532128405 -0.844467618463 0.200359980228 -0.504693804187 -0.397303045067 -0.933203875992 0.699999778229 0.699999201347 0.622209730747 0.525643507689 0.177363787268 0.218977439855 -0.507780790125 -0.459723316342 -0.111910656897 -0.265425348579 0.0287157651313 0.530615922810 0.0556045586025 0.0579370313045 -0.462326128035 -0.586662567490 -1.02073854364 -0.760436686525 0.0578503729180 -0.455626368494 -0.533251028338 -1.11887847280 -1.80553787229 -0.843281359394 -0.618064451146 -0.866808844595 -0.421582482503 0.0916417929490 0.396380787281 0.274479538301 0.129074803716 -0.352632285673 -0.496986988721 0.280537413904 -0.236893679296 0.00317128222553 0.238622510176
# log_qflo:
 -2.33961468802 -3.13708065994 -3.09097384046 -2.24137170739
# log_b:
0.00000000000
# log_Lo:
3.91202300543
# log_cv_edad:
-2.30258509299
