# Number of parameters = 131 Objective function value = 15495.5569353878  Maximum gradient component = 0.00166112848507661
# log_L50:
 1.64197971280871 1.59746941999306
# log_sigma1:
 -1.83635418160186 -0.0695837657612512
# log_sigma2:
 9.20000000000000 9.20000000000000
# log_Ro:
3.04249596409
# dev_log_Ro:
 0.102638933902 0.114588615078 0.125881066730 0.137528731832 0.149652264848 0.163774145945 0.179574587315 0.194331863501 0.208187101623 0.231920035111 0.254855624071 0.267725026820 0.280542195055 0.319754245236 0.343486004220 0.364848984064 0.384898184292 0.435363387010 0.447304187947 0.489891520432 0.470985142148 0.376466713739 0.353803543084 0.374480875186 0.394174202222 0.411619449328 0.390768789881 0.344440980729 0.244406920889 0.104388977911 0.0459476670255 0.0285859137798 -0.782355063582 -0.302881066836 -1.02659700484 -1.14742081244 -1.06906653577 -0.998990969102 0.293718664804 -1.29917864914 -0.313279367868 0.171594445850 -0.164519663348 0.119048196355 -0.124953560032 0.550854217199 0.223202321030 -0.452428246439 -0.856353644127 -0.192129649983 0.565689699112 -0.237185192316 -0.476751624905 -0.435189348972 0.0850467251846 0.487901186139 0.157170611184 -0.120756364342 -1.02010635641 -0.396940478502 0.0260416511485
# dev_log_No:
 0.00000000000 0.00000000000 0.00000000000 0.00000000000 0.00000000000 0.00000000000 0.00000000000 0.00000000000 0.00000000000 0.00000000000 0.00000000000 0.00000000000
# log_F:
 -2.47358988782 -2.25828710772 -1.72035817944 -1.47757008480 -1.13767690513 -1.40111175144 -1.33367747293 -1.22549488301 -0.968882647967 -0.851004806136 -1.23982867284 -1.64356439160 -0.515261852122 -0.829364982748 -2.16691153718 -1.67584644414 0.194077332676 -0.359530304949 -0.667377119883 -0.788255642950 0.255920678576 -0.444246596609 -0.357086674874 -0.906193175952 0.699999820475 0.699999026483 0.613749280892 0.511821227183 0.164132958878 0.190575000797 -0.537668503881 -0.491605821020 -0.147342831022 -0.301011825191 -0.00861922420459 0.500570919262 -0.0192806727158 0.0120199351344 -0.545482061801 -0.674294239930 -1.10809427463 -0.837754816678 0.0480757554752 -0.558044423803 -0.641607734100 -1.22400875895 -1.89200141397 -0.922330043623 -0.694657410739 -0.927317807894 -0.472981684323 0.0296273807094 0.308350418145 0.202912203924 0.0521399421936 -0.433322393177 -0.573413889345 0.196397882382 -0.313145240505 -0.0705417500604 0.165872325749
# log_qflo:
 -2.41411331811 -3.22951487804 -3.14857579273 -2.32256593457
# log_b:
0.00000000000
# log_Lo:
3.91202300543
# log_cv_edad:
-2.30258509299
