# Number of parameters = 131 Objective function value = 15499.9496634022  Maximum gradient component = 0.000700688023197837
# log_L50:
 1.62381590344985 1.58255248045670
# log_sigma1:
 -1.93324356893981 -0.0878634324980843
# log_sigma2:
 9.20000000000000 9.20000000000000
# log_Ro:
3.00074778426
# dev_log_Ro:
 0.0979125440147 0.109167839578 0.119565595608 0.130282881805 0.141286419710 0.154156730676 0.169190494648 0.183199994913 0.194283361712 0.216247968941 0.238216990441 0.249044774933 0.256891197835 0.294173124535 0.315281444607 0.332801746165 0.346412735407 0.390150258569 0.394118841927 0.421640927316 0.424902783679 0.368396098783 0.313941403975 0.333169970366 0.346913213579 0.355546279381 0.341835241997 0.316568369054 0.254598766534 0.132713936086 0.0813150844526 0.103287819011 -0.716544952316 -0.371096096500 -0.949440729516 -1.19015577932 -1.15547291239 -0.964447394822 0.250183021413 -1.11734228804 -0.408387549631 0.153589850518 -0.183265304970 0.0973995035579 -0.120293239686 0.506444885188 0.438479773033 -0.407675875654 -0.619693070107 -0.380823201493 0.614995688654 -0.131683660243 -0.444975304192 -0.430753982537 0.0199483145389 0.527745420566 0.219432265576 0.0651269724630 -1.02025145094 -0.435768263935 0.0275105205375
# dev_log_No:
 0.00000000000 0.00000000000 0.00000000000 0.00000000000 0.00000000000 0.00000000000 0.00000000000 0.00000000000 0.00000000000 0.00000000000 0.00000000000 0.00000000000
# log_F:
 -2.54929320813 -2.33943023757 -1.80883991279 -1.57693903972 -1.25565323607 -1.53055965904 -1.46622898754 -1.36122101390 -1.11062751234 -1.00302227044 -1.39513256324 -1.78773216595 -0.659334886341 -0.992559473492 -2.31764020319 -1.80038953891 0.0525961238885 -0.560424855434 -0.848461498283 -0.942049578289 0.110846274296 -0.612699627044 -0.474096139795 -0.994701255744 0.699999704352 0.699999297641 0.646040442220 0.550844456101 0.179719830316 0.246527166321 -0.490717877971 -0.429587867156 -0.0682720127440 -0.229346961429 0.0525900008174 0.537324451549 0.116411918696 0.0758818697184 -0.396986004044 -0.504728887169 -0.938381250384 -0.692712371705 0.0264848084140 -0.329849874772 -0.396872016196 -0.982774931839 -1.69521434923 -0.739597964549 -0.516979382396 -0.789762837920 -0.352807649160 0.171239185520 0.512023198640 0.359584448170 0.226915741247 -0.248912686543 -0.398589930741 0.387947310835 -0.142269319979 0.0984920673446 0.330362761940
# log_qflo:
 -2.27400701151 -3.01780602454 -3.01573950903 -2.13716958839
# log_b:
0.00000000000
# log_Lo:
3.91202300543
# log_cv_edad:
-2.30258509299
