# Number of parameters = 131 Objective function value = 15497.4229193490  Maximum gradient component = 7.38657642874568e-05
# log_L50:
 1.63824934273414 1.59240288579019
# log_sigma1:
 -1.73611091558324 -0.0737840311077354
# log_sigma2:
 9.20000000000000 9.20000000000000
# log_Ro:
3.02018907181
# dev_log_Ro:
 0.100939796663 0.112581263019 0.123466893676 0.134689456305 0.146299620717 0.159844515004 0.175294927595 0.189705988166 0.202259291736 0.225159099635 0.247638001757 0.259511120966 0.269897674442 0.308095877836 0.330498499273 0.349900594708 0.366664314841 0.413313168292 0.420770591320 0.454917814000 0.450378010838 0.375720398797 0.336536025014 0.355003259368 0.370055709900 0.382946149382 0.367178867105 0.333265118637 0.251601173778 0.115135617664 0.0534231570686 0.0677040036794 -0.752265977318 -0.340486134056 -0.983263817993 -1.17743714863 -1.11517806086 -0.978179406598 0.270826617884 -1.22743594324 -0.359992987773 0.161986216795 -0.177313626510 0.110024473029 -0.124077349362 0.532231510453 0.335998523450 -0.422346461431 -0.740762222064 -0.283454135281 0.592424328160 -0.184025403228 -0.462208998630 -0.432393571565 0.0496716485136 0.510004446758 0.188123839732 -0.0220549666393 -1.02514283554 -0.420709862219 0.0270413029809
# dev_log_No:
 0.00000000000 0.00000000000 0.00000000000 0.00000000000 0.00000000000 0.00000000000 0.00000000000 0.00000000000 0.00000000000 0.00000000000 0.00000000000 0.00000000000
# log_F:
 -2.50776693006 -2.29499566579 -1.76057129213 -1.52291855179 -1.19192509222 -1.46066207057 -1.39481453332 -1.28830059340 -1.03488829573 -0.922163685419 -1.31218923580 -1.71032238980 -0.583323834867 -0.906154446852 -2.23655099978 -1.73327977536 0.125077098393 -0.455257328390 -0.752320349645 -0.859515560251 0.185986430174 -0.521087584164 -0.408576679219 -0.941494724071 0.699999768844 0.699999253399 0.624992394797 0.529291718915 0.179419422006 0.224963474310 -0.502221875690 -0.452917552524 -0.103645467334 -0.257648797795 0.0357062366879 0.534880392962 0.0702689543527 0.0652314640535 -0.446316372277 -0.568645062323 -1.00272632372 -0.744937622260 0.0563893055614 -0.432269782970 -0.508203478074 -1.09425592648 -1.78541725078 -0.824663198936 -0.599943542972 -0.852681424800 -0.409377118551 0.106140500575 0.417119812919 0.290656000442 0.146979072352 -0.333782766799 -0.479131430798 0.300116289379 -0.219348785884 0.0204592598076 0.255474421309
# log_qflo:
 -2.32473621159 -3.11545967774 -3.07740586602 -2.22241041416
# log_b:
0.00000000000
# log_Lo:
3.91202300543
# log_cv_edad:
-2.30258509299
