# Number of parameters = 134 Objective function value = 4377.08413997245  Maximum gradient component = 4.48495968976694e-05
# log_L50:
 1.38693464163939
# log_sigma1:
 -0.796980546827001
# log_sigma2:
 9.20000000000000
# log_Ro:
4.58280215837
# dev_log_Ro:
 0.0137764643783 0.0156242385394 0.0179262214674 0.0207898511323 0.0243573216749 0.0287475339984 0.0341145249051 0.0408097434223 0.0489043242622 0.0593488302037 0.0708179541317 0.0834873920111 0.0976424775666 0.112572737607 0.130515612971 0.150898006406 0.169721630837 0.196115957781 0.225563758264 0.269052814448 0.330596052294 0.395296407338 0.504250898658 0.809403337704 0.546847693262 0.0995127485278 -0.427605873840 0.411959312217 -0.203499107182 -0.572724125504 -0.200856746398 -0.163172617863 -0.147790290066 -0.105509800979 0.269086256222 -0.238142756913 0.101769163595 0.104183471616 -0.491826162539 -0.663798823583 -0.774107942276 0.0572048513608 0.214831087290 0.149541859290 0.154361175925 0.435832691235 -0.289252365339 0.178395646725 -0.414595111511 -0.186502766336 -0.359858570519 -0.0498774645061 -0.176151306261 -0.0820206248899 -0.630966529971 -0.406981871166 0.00519886752618 0.00618194084909
# dev_log_No:
 0.00606899484746 0.00482571966512 0.00380853190345 0.00298613412754 0.00232838136715 0.00180585657062 0.00139444256384 0.00107167343931 0.000820106147913 0.000625042855555 0.000474598286930 0.00146375410649
# log_F:
 -10.8481046893 -10.1553974929 -10.8491937281 -10.1576410956 -10.8525576333 -10.1613757013 -10.1635483909 -6.76427853105 -5.63359018555 -4.28403953051 -4.01582595405 -3.02029739911 -4.91115235577 -7.04152120673 -4.68931010180 -4.47466965941 -2.61770834617 -2.21457812353 -2.31583737239 -1.31927167503 -1.36504106209 -0.829664672212 -1.00262457346 -0.839675394788 -0.776283107965 -0.917871312970 -1.32464853814 -1.43050495989 -1.51853576448 -1.17278859072 -1.75768462589 -1.42712758842 -0.904672086791 -1.03055131814 -0.764329896802 -0.439215626458 -1.29820475497 -0.548306904998 -1.95347843429 -1.04949212041 -1.04503915262 -1.43419761528 -0.637525150678 -1.43533374547 -0.841701705828 -1.03881311937 -1.29894546017 -0.735960104547 -0.891727664198 -0.594724013623 -0.683597597553 -1.13558445920 -1.64431879276 -1.43738505916 -1.45386008782 -1.52199957822 -1.13937742340 -0.998140627287
# log_qflo:
 -5.14415479327
# log_b:
0.00000000000
# log_Lo:
3.91202300543
# log_cv_edad:
-2.30258509299
# log_Fref:
 1.00500000000 1.00500000000
