# Number of parameters = 132 Objective function value = 4214.08249110050  Maximum gradient component = 0.000131357582816545
# log_L50:
 1.38711850272769
# log_sigma1:
 -0.789935939796211
# log_sigma2:
 9.20000000000000
# log_Ro:
4.59448995444
# dev_log_Ro:
 0.0133186369310 0.0150821177988 0.0172790229909 0.0200119339272 0.0234159166512 0.0276059309093 0.0327280408275 0.0391148248410 0.0468347462238 0.0567798901508 0.0677030706320 0.0797604982332 0.0932166154536 0.107395318257 0.124368769632 0.143570197438 0.161265240845 0.186090537451 0.214057277896 0.255602923094 0.315368521892 0.379792120682 0.490765522431 0.797871553612 0.537304423008 0.0860981268073 -0.432897219275 0.394195498579 -0.214166536837 -0.588487042717 -0.220063458168 -0.176997867928 -0.162120167895 -0.135291999014 0.249100768204 -0.254214707110 0.0821382036915 0.0954052104773 -0.506135384802 -0.672915579599 -0.803094295460 0.0376189726314 0.201848694011 0.137215653967 0.142545805022 0.426306766456 -0.299612094746 0.157035893383 -0.446717959298 -0.230377084982 -0.404589551236 -0.100430462480 -0.221824088447 -0.148188324437 -0.248947271318 0.00518773522089 0.00607011549187
# dev_log_No:
 0.00579302507391 0.00460618333713 0.00363575395027 0.00285080753613 0.00222286872440 0.00172434025132 0.00133124787953 0.00102306846658 0.000782927913917 0.000596828885218 0.000453225891031 0.00139717659511
# log_F:
 -10.8600467227 -10.1673188640 -10.8610889961 -10.1694862016 -10.8643442885 -10.1730934751 -10.1751855068 -6.77582611639 -5.64504739749 -4.29544656952 -4.02721162094 -3.03178434502 -4.92255998877 -7.05250900512 -4.69984085275 -4.48473767674 -2.62753681599 -2.22443016717 -2.32551802924 -1.32916399537 -1.37518948138 -0.840026529496 -1.01215486410 -0.846905384269 -0.781020761945 -0.921082558973 -1.32627634862 -1.43178332597 -1.51886451356 -1.17430688499 -1.75595193839 -1.42494520980 -0.901151424547 -1.02401048800 -0.756075905885 -0.427259489604 -1.27878210826 -0.525900484707 -1.92989295009 -1.02702029949 -1.02352763288 -1.41064446595 -0.610367081143 -1.40191804723 -0.811061691386 -1.01109498147 -1.27350292394 -0.711090310042 -0.867799811998 -0.566958501601 -0.647869389977 -1.08931485021 -1.59123110847 -1.37821074512 -1.38643426533 -1.44703112329 -1.05726978737
# log_qflo:
 -5.10700453323
# log_b:
0.00000000000
# log_Lo:
3.91202300543
# log_cv_edad:
-2.30258509299
# log_Fref:
 1.00500000000 1.00500000000
