# Number of parameters = 140 Objective function value = 4827.58132679476  Maximum gradient component = 2.00042248678112e-05
# log_L50:
 1.38652233150013
# log_sigma1:
 -0.866654067609064
# log_sigma2:
 9.20000000000000
# log_Ro:
4.57985798895
# dev_log_Ro:
 0.0136917170687 0.0155527734182 0.0178712386102 0.0207549216475 0.0243472228530 0.0287686724491 0.0341732594909 0.0409201518191 0.0490747259970 0.0596233205694 0.0711438759248 0.0838930361220 0.0981521780983 0.113185707736 0.131368892572 0.152030763567 0.171005199473 0.197970230174 0.227569798869 0.271986060329 0.333974221771 0.399897113038 0.507366270483 0.774189806530 0.531211318825 0.109976142335 -0.471952874398 0.439691525567 -0.223071395014 -0.538476208716 -0.159060367341 -0.174705967665 -0.176561651142 -0.135925024002 0.277954557434 -0.271914296951 0.135087799545 0.0933386799322 -0.493686418686 -0.682773633427 -0.692553234912 0.0484065175081 0.193967345664 0.140545648676 0.192454067042 0.404393925997 -0.275464109119 0.177210731110 -0.429882110785 -0.202823075468 -0.370007184806 -0.0580130196488 -0.200932657425 -0.0566045465662 -0.520758117826 -0.122933977510 0.493841677382 -0.513348617677 -0.317026896754 0.00584131005609 0.00604298015346
# dev_log_No:
 0.00611319281765 0.00486040814072 0.00383628555078 0.00300790328853 0.00234521160747 0.00181923274242 0.00140454019611 0.00107935995656 0.000825994949496 0.000629648441999 0.000478138417391 0.00147418309522
# log_F:
 -10.8418490305 -10.1491423621 -10.8429182876 -10.1513509878 -10.8462532861 -10.1550593477 -10.1572221427 -6.75794012428 -5.62723145031 -4.27761815667 -4.00932591398 -3.01359303068 -4.90445312037 -7.03493587531 -4.68279587190 -4.46820998160 -2.61100592444 -2.20744921090 -2.30845914725 -1.31077257407 -1.35561905012 -0.818175824178 -0.990293769447 -0.826904975495 -0.763199825509 -0.900396828341 -1.29601897099 -1.40261185615 -1.49545065302 -1.13404321877 -1.73889764928 -1.40686501603 -0.885836451941 -1.02354462562 -0.751156263386 -0.406970890489 -1.25066228180 -0.516680199233 -1.91089616314 -1.02622153503 -1.02305488248 -1.41155815578 -0.606321767268 -1.41626682463 -0.816753216276 -1.00687316243 -1.26848133713 -0.715463073292 -0.864823736314 -0.559547925798 -0.654764510495 -1.09749920274 -1.60718677055 -1.39704814483 -1.41595748882 -1.47845101306 -1.11093453258 -0.999994481601 -1.19314207715 -1.54254254545 -0.699385508503
# log_qflo:
 -5.11642303482
# log_b:
0.00000000000
# log_Lo:
3.91202300543
# log_cv_edad:
-2.30258509299
# log_Fref:
 1.00500000000 1.00500000000
