# Number of parameters = 136 Objective function value = 4529.31154011235  Maximum gradient component = 2.39116436434884e-05
# log_L50:
 1.38676109001240
# log_sigma1:
 -0.822055472469813
# log_sigma2:
 9.20000000000000
# log_Ro:
4.58536046676
# dev_log_Ro:
 0.0134753829304 0.0153031913478 0.0175803934452 0.0204128440899 0.0239410325048 0.0282833214006 0.0335919008201 0.0402148492073 0.0482208315128 0.0585563127171 0.0698816699200 0.0823982639762 0.0963848633837 0.111129876944 0.128876684732 0.149013744921 0.167557377782 0.193703396278 0.222762600724 0.266025777754 0.327199673460 0.392298888318 0.501348584231 0.791951396869 0.537405685381 0.100432624325 -0.446761114025 0.418742220231 -0.213902973953 -0.563218144255 -0.187746484200 -0.171009932729 -0.162031706078 -0.121296624569 0.269228952858 -0.253744923540 0.110909762356 0.0970656402767 -0.495752252961 -0.673648726869 -0.748953564331 0.0518774045367 0.204007104150 0.143206930154 0.165404006856 0.421557534585 -0.287582646213 0.175047466268 -0.423770568332 -0.195297396299 -0.365755473505 -0.0529325908666 -0.183237455207 -0.0437415204352 -0.496559977331 -0.145565663309 -0.273986334888 0.00553447760808 0.00596340504233
# dev_log_No:
 0.00600452782263 0.00477429891626 0.00376805093297 0.00295443008022 0.00230374119391 0.00178696952026 0.00137952650164 0.00106012596385 0.000811208984286 0.000618540114779 0.000469709477651 0.00144822992786
# log_F:
 -10.8493651319 -10.1566519860 -10.8504306919 -10.1588392497 -10.8537150889 -10.1624915190 -10.1646215640 -6.76530734654 -5.63457307295 -4.28497384945 -4.01671595728 -3.02113215188 -4.91196185730 -7.04224518083 -4.68992091263 -4.47516013628 -2.61802888096 -2.21473797814 -2.31584930241 -1.31890806365 -1.36439855697 -0.828282650732 -1.00066615809 -0.836846887532 -0.772553605224 -0.911748945605 -1.31388025880 -1.41998443149 -1.50981477823 -1.15841820040 -1.75048145445 -1.41947375349 -0.897523680428 -1.02783628216 -0.759147751036 -0.426716617540 -1.27966278321 -0.535638253274 -1.93698017152 -1.03995228191 -1.03605442951 -1.42489194655 -0.625090297955 -1.42624018343 -0.831279440059 -1.02602864349 -1.28690991993 -0.727155911938 -0.881033082293 -0.580673665941 -0.671967375762 -1.12039557262 -1.62985161982 -1.42219002521 -1.44078055871 -1.50942618791 -1.14502481698 -1.04645978812 -1.20263000457
# log_qflo:
 -5.13269786020
# log_b:
0.00000000000
# log_Lo:
3.91202300543
# log_cv_edad:
-2.30258509299
# log_Fref:
 1.00500000000 1.00500000000
