# Number of parameters = 133 Objective function value = 23186.8151188244  Maximum gradient component = 0.000103165373434436
# log_L50:
 1.42899659258112 1.37167699965652
# log_sigma1:
 -2.60742385101596 -5.19097246347917
# log_sigma2:
 9.20000000000000 9.20000000000000
# log_Ro:
4.78905719567
# dev_log_Ro:
 -0.116704613540 -0.132590328437 -0.150845249721 -0.171673886838 -0.195406298069 -0.222311088786 -0.252481171006 -0.286209675261 -0.323714585522 -0.365494529347 -0.412000200871 -0.463603737914 -0.520362076845 -0.583075260814 -0.643696389968 -0.701902306287 -0.761952921730 -0.794798106002 -0.795157607322 -0.762569854671 -0.702456972324 -0.635815562660 -0.384717172671 0.821024033336 0.647186781776 -0.355794625298 0.877468875508 0.890992935860 0.247807919642 0.0456292292875 -0.127908588312 -0.255372792683 0.604041478530 0.900752681259 0.175046914105 0.855701286021 1.13369950663 0.637129717237 0.595746861462 0.535643899028 -1.49761373142 0.454287468068 0.337731522926 0.464763337822 0.299591502348 -0.693430001655 0.660440330171 0.0240009144216 0.790528461708 0.297747614515 0.494157804816 0.516261977566 -0.292450706539 0.386918997813 -0.735306766866 0.588200483742 -0.261777098542 0.382415065276 -0.0219079047319 -0.0219078784899 -0.0219079097243
# dev_log_No:
 0.00000000000 0.00000000000 0.00000000000 0.00000000000 0.00000000000 0.00000000000 0.00000000000 0.00000000000 0.00000000000 0.00000000000 0.00000000000 0.00000000000
# log_F:
 -11.3550822533 -11.3550718207 -10.6619097882 -11.3543067439 -10.6489169926 -11.3284991612 -11.3136467180 -7.65962478188 -7.07425370455 -7.52145857834 -8.19337645073 -9.13553593951 -7.45210648172 -7.35568730156 -7.34840718019 -7.07476678228 -5.73071411097 -4.31672328076 -4.82537131904 -4.72329059709 -7.82583882616 -4.94599342727 -7.22548484890 -7.41503886046 -6.89401539709 -0.630620227769 -0.387449585546 -0.581965057256 -0.787171689430 -0.276458811590 -1.17725615223 -1.21039756290 -0.807326731579 -0.913743714940 -0.532135623908 0.0310517156206 0.208587584063 -1.15320284481 -0.811756753829 -0.480381024547 -0.209151904319 0.105774540612 0.505207258481 0.411390006336 0.0558867409009 0.183664548838 -0.191609172387 -0.607004072763 -0.133262980966 -0.538743864193 -0.774669474624 -0.582050196165 -0.385664083781 -0.298957766182 -0.357380616882 -0.212642787167 -0.625672087175 -0.149480156158 -0.374880651319 -0.0857488572333 -0.781546413375
# log_qflo:
 -5.29063998814 -4.69960825285 -4.71167702774 -4.68279082098 -4.65117002111
# log_b:
0.00000000000
# log_Lo:
3.99333266618
# log_cv_edad:
-2.30258509299
