# Number of parameters = 133 Objective function value = 23170.2318088470  Maximum gradient component = 0.00117343828352525
# log_L50:
 1.39321700947341 1.44798925067878
# log_sigma1:
 -5.55375454014773 -1.70556062109109
# log_sigma2:
 9.20000000000000 9.20000000000000
# log_Ro:
4.83037375938
# dev_log_Ro:
 -0.108602837063 -0.123690189112 -0.141048647271 -0.160886846228 -0.183531125741 -0.209253386352 -0.238160341060 -0.270560133280 -0.306686769996 -0.347054681849 -0.392218363288 -0.442370770815 -0.497804551452 -0.559241504595 -0.619191823495 -0.676669134282 -0.736598633433 -0.762365478192 -0.753506276591 -0.709354529164 -0.639957478988 -0.576065631778 -0.323274082552 1.17917161652 0.223196602145 0.122422008875 0.900818930255 0.798472031323 0.0527817912788 -0.0853299209980 -0.0859308339259 0.0352412731279 0.702235476575 1.02689006048 -0.229812230025 1.02337210307 1.06529178930 0.552042947505 0.528614970516 0.362868026832 -1.84383676310 0.676523813543 0.239604957403 0.514286345784 0.128053709383 -0.849005204507 0.831716449504 -0.151310336443 0.837621051497 0.306353745782 0.457477460514 0.439318182143 -0.321039255019 0.365867975794 -0.645260510041 0.566686711179 -0.205822016766 0.315054700694 -0.0188481493869 -0.0188481478044 -0.0188481464174
# dev_log_No:
 0.00000000000 0.00000000000 0.00000000000 0.00000000000 0.00000000000 0.00000000000 0.00000000000 0.00000000000 0.00000000000 0.00000000000 0.00000000000 0.00000000000
# log_F:
 -11.3464093720 -11.3463988522 -10.6532366638 -11.3463709918 -10.6418501567 -11.3223598583 -11.3084914913 -7.65550796332 -7.07123080974 -7.51958800812 -8.19271569420 -9.13614058643 -7.45403103414 -7.35896323210 -7.35305801719 -7.08082285398 -5.73820214893 -4.32566766977 -4.83574038035 -4.73502711765 -7.83867278931 -4.96025710090 -7.24176057012 -7.43420136993 -6.91703556252 -0.663064966886 -0.394972189744 -0.886200053773 -0.909570075391 -0.530117700505 -1.36745990660 -1.32032353616 -0.871607630130 -0.948811051989 -0.586790337699 -0.134399744376 -0.0171890406975 -1.43243023170 -0.927793928055 -0.663295947302 -0.342317791386 -0.0162153699633 0.395722710021 0.371794758264 0.534188355554 0.502997080569 0.199700483884 -0.305401502028 -0.0174194291143 -0.0746537349167 -0.683080331687 -0.254927816284 -0.255496303744 -0.0921237658882 -0.0810558223625 -0.128632867686 -0.276342408996 -0.160582260186 0.0589068739608 -0.00164596565454 -0.451969615399
# log_qflo:
 -5.48433435158 -4.80206518818 -4.33082448637 -4.42980904628 -4.43963612503
# log_b:
0.00000000000
# log_Lo:
3.97254419678
# log_cv_edad:
-2.30258509299
