# Number of parameters = 133 Objective function value = 23188.5090606741  Maximum gradient component = 6.30720697856761e-05
# log_L50:
 1.43669174778099 1.31652760259327
# log_sigma1:
 -2.42326262766198 -2.41616687322876
# log_sigma2:
 9.20000000000000 9.20000000000000
# log_Ro:
4.78138884363
# dev_log_Ro:
 -0.119972459805 -0.136205159991 -0.154846390879 -0.176099908768 -0.200296585830 -0.227702997993 -0.258403170860 -0.292686652180 -0.330765081490 -0.373136493052 -0.420246971906 -0.472480238810 -0.529868544481 -0.593223836375 -0.654177387477 -0.712430368417 -0.772358225021 -0.806632066632 -0.809002882450 -0.778961473305 -0.721092639634 -0.654765073414 -0.407541064445 0.796164689823 0.674313693802 -0.390021063422 0.863581942711 0.901006807920 0.273730012093 0.0618862486691 -0.113949218252 -0.262529466477 0.596123538899 0.882218295423 0.213553490623 0.842311510932 1.14391161628 0.654732436751 0.607489484688 0.551765470012 -1.46419765498 0.453193925710 0.343919209505 0.465707237258 0.307378890561 -0.679679362708 0.654300355058 0.0357418736439 0.794050772710 0.312131288150 0.504192568145 0.524580295297 -0.280612013476 0.390665473463 -0.716248414954 0.586959102970 -0.242796511813 0.385889961831 -0.0228569555779 -0.0228569755508 -0.0228568825024
# dev_log_No:
 0.00000000000 0.00000000000 0.00000000000 0.00000000000 0.00000000000 0.00000000000 0.00000000000 0.00000000000 0.00000000000 0.00000000000 0.00000000000 0.00000000000
# log_F:
 -11.3576054023 -11.3575949874 -10.6644329791 -11.3567545035 -10.6511162280 -11.3304063665 -11.3152241477 -7.66084010418 -7.07507769268 -7.52186415341 -8.19333944913 -9.13503500431 -7.45112218036 -7.35421760669 -7.34644897808 -7.07231541416 -5.72776095034 -4.31324202603 -4.82137042266 -4.71880601878 -7.82094254118 -4.94058868980 -7.21940846421 -7.40805300077 -6.88585951360 -0.617617633718 -0.364854821254 -0.543711901785 -0.764457623336 -0.241505087064 -1.14214087437 -1.18779718801 -0.791360436206 -0.900545418974 -0.520443899342 0.0478406393386 0.238823898361 -1.11243647172 -0.790703239474 -0.455037213831 -0.189940128415 0.121532575193 0.520070725277 0.427281042890 0.0744658525941 0.203702047975 -0.169575763526 -0.589358687394 -0.111747436159 -0.512029890011 -0.751169477368 -0.561923627432 -0.367543804003 -0.281959657114 -0.341645099546 -0.194336611844 -0.608841097234 -0.131374304402 -0.353847532412 -0.0644864443921 -0.762607487273
# log_qflo:
 -5.26212445957 -4.68144246655 -4.69040247502 -4.65877944607 -4.63169564758
# log_b:
0.00000000000
# log_Lo:
3.99065884846
# log_cv_edad:
-2.30258509299
