# Number of parameters = 133 Objective function value = 23167.8459614350  Maximum gradient component = 0.0445715215829492
# log_L50:
 1.38894372120421 1.43633977322081
# log_sigma1:
 -17.1518047587222 -1.84844212105060
# log_sigma2:
 9.20000000000000 9.20000000000000
# log_Ro:
4.86168652935
# dev_log_Ro:
 -0.0955199431430 -0.109071035398 -0.124708246443 -0.142638529436 -0.163180452833 -0.186610074327 -0.213072256997 -0.242888742170 -0.276321516917 -0.313892369373 -0.356122752512 -0.403243753360 -0.455566671079 -0.513796481273 -0.571935739923 -0.629319039179 -0.689810471630 -0.708096389651 -0.688722451952 -0.630164963414 -0.544708114317 -0.470214138388 -0.179643423094 1.13355843321 0.232717673013 0.108031166836 0.917907081236 0.758065569487 -0.0340132001134 -0.146722572539 -0.114297767220 0.0642912805983 0.717841972796 1.06697203421 -0.317779538089 0.996291146933 1.02430667002 0.478535021228 0.471186565214 0.323376720561 -1.83537223821 0.644734934366 0.216052430578 0.503421611421 0.0996082813242 -0.887070043445 0.832097577285 -0.221506547034 0.821235533251 0.237031543273 0.422348965613 0.419216936462 -0.377717051364 0.351436885465 -0.758078561146 0.575096684966 -0.302030660195 0.335892399520 -0.0158064402729 -0.0158064134030 -0.0158065290260
# dev_log_No:
 0.00000000000 0.00000000000 0.00000000000 0.00000000000 0.00000000000 0.00000000000 0.00000000000 0.00000000000 0.00000000000 0.00000000000 0.00000000000 0.00000000000
# log_F:
 -11.3481223100 -11.3481118422 -10.6549497388 -11.3480841857 -10.6446128246 -11.3263491238 -11.3138631300 -7.66240301027 -7.07978294696 -7.52992113181 -8.20494167951 -9.15036364650 -7.47035387457 -7.37742233485 -7.37369521232 -7.10368491896 -5.76336983765 -4.35337712364 -4.86598715154 -4.76759430740 -7.87316403557 -4.99727635756 -7.28226665592 -7.47968866641 -6.96950080147 -0.745438895704 -0.558588562922 -0.968128763041 -1.00092473449 -0.632754491281 -1.46140996429 -1.38381221909 -0.920615019338 -0.989907070364 -0.628384298457 -0.214028619841 -0.131487171522 -1.54405938185 -1.02753067390 -0.735442590385 -0.396652940140 -0.0593587474100 0.358526603229 0.338818566267 0.398034435666 0.391749008938 0.0686778425428 -0.405206070229 -0.102405846479 -0.232762313487 -0.775621444761 -0.366712174954 -0.338884656084 -0.175165295841 -0.171228298331 -0.204142330106 -0.378234397308 -0.221564245450 -0.0604996784184 -0.0916986854899 -0.561387925081
# log_qflo:
 -5.57808238353 -4.84633977148 -4.46012871896 -4.54664438608 -4.53507983503
# log_b:
0.00000000000
# log_Lo:
3.98762993810
# log_cv_edad:
-2.30258509299
