# Number of parameters = 133 Objective function value = 23167.5603597548  Maximum gradient component = 0.000114414020406517
# log_L50:
 1.57957067276905 1.44428076684258
# log_sigma1:
 -2.09028132701235 -1.68634801245509
# log_sigma2:
 9.20000000000000 9.20000000000000
# log_Ro:
4.86665453254
# dev_log_Ro:
 -0.0936614388297 -0.106990001759 -0.122376855053 -0.140029215048 -0.160262962741 -0.183355731663 -0.209456669980 -0.238888896018 -0.271919706094 -0.309070600883 -0.350858142211 -0.397520441375 -0.449370697745 -0.507112232955 -0.564957642882 -0.622284661501 -0.682812387217 -0.699872453305 -0.678879558904 -0.618116617043 -0.530143354308 -0.453880548549 -0.157674642864 1.12482690751 0.235489584068 0.105692017471 0.920167861499 0.751312866748 -0.0473785390365 -0.156259179186 -0.117756912749 0.0698984499288 0.720401048667 1.07208941571 -0.330030456245 0.991449685553 1.01799724424 0.467166235607 0.462310542990 0.317336435931 -1.83373161850 0.640147031974 0.212393492284 0.501646916687 0.0950655558326 -0.891669163441 0.831862194790 -0.230644584411 0.818042863619 0.226805203812 0.417014793131 0.415675060350 -0.385165563379 0.348318819731 -0.772160609660 0.575388148553 -0.315426755611 0.337374633385 -0.0153847455670 -0.0153847008465 -0.0153847225182
# dev_log_No:
 0.00000000000 0.00000000000 0.00000000000 0.00000000000 0.00000000000 0.00000000000 0.00000000000 0.00000000000 0.00000000000 0.00000000000 0.00000000000 0.00000000000
# log_F:
 -11.3488042010 -11.3487937456 -10.6556316614 -11.3487661306 -10.6454500310 -11.3273661885 -11.3150818483 -7.66384346071 -7.08146459824 -7.53186210621 -8.20715853734 -9.15287219840 -7.47317000214 -7.38055318172 -7.37714872032 -7.10746971548 -5.76749995006 -4.35789094243 -4.87088601080 -4.77284683526 -7.87871236470 -5.00322348429 -7.28876669055 -7.48697963621 -6.97790690352 -0.758417951228 -0.583356421611 -0.980132043088 -1.01472379009 -0.648101910587 -1.47532581282 -1.39315880522 -0.927915201681 -0.996055015006 -0.634932456446 -0.226902448664 -0.149270129065 -1.56044851475 -1.04258099695 -0.746085111274 -0.404736495324 -0.0658621434746 0.352876064951 0.333623995545 0.378592434419 0.375414740352 0.0495866256518 -0.419920662610 -0.115422416409 -0.255589622857 -0.789438335253 -0.383146029646 -0.350978824229 -0.187450016731 -0.184438763099 -0.215365974201 -0.393094521920 -0.230712677675 -0.0781757527089 -0.104809697049 -0.577514702490
# log_qflo:
 -5.59212784588 -4.85309045644 -4.47876567923 -4.56381632909 -4.54904715878
# log_b:
0.00000000000
# log_Lo:
3.98972525107
# log_cv_edad:
-2.30258509299
