# Number of parameters = 133 Objective function value = 23191.5129596334  Maximum gradient component = 0.000137691681916718
# log_L50:
 1.43837056283824 1.24902554596496
# log_sigma1:
 -2.09043198338741 -4.22054108556895
# log_sigma2:
 9.20000000000000 9.20000000000000
# log_Ro:
4.78212484948
# dev_log_Ro:
 -0.126560715915 -0.143581999447 -0.163104785451 -0.185326847428 -0.210577389171 -0.239122951527 -0.271046793108 -0.306623692157 -0.346057981067 -0.389828901086 -0.438315382595 -0.492010731613 -0.550785581719 -0.615393111628 -0.677515305389 -0.738212261415 -0.800462432575 -0.838100038028 -0.842008630229 -0.811224716949 -0.746635324531 -0.662883006312 -0.409456129343 0.559867831098 0.938311428068 -0.691054329362 0.593651629810 1.00082210762 0.336879339921 -0.120786705772 -0.0713065030908 -0.157696190801 0.564599343662 0.877532502968 0.608396154854 0.400443278850 1.21776075284 0.520239141324 0.660738819143 0.295033835873 -0.179202228940 0.327409699033 0.321652692054 0.426584733735 0.300119351575 -0.635261478446 0.563984860523 0.0700576838220 0.758708441686 0.336573208597 0.510862010808 0.513195320689 -0.238471699328 0.334080362636 -0.595543233720 0.501418279581 -0.147746972649 0.376104351464 -0.0243743438521 -0.0243743671443 -0.0243744004415
# dev_log_No:
 0.00000000000 0.00000000000 0.00000000000 0.00000000000 0.00000000000 0.00000000000 0.00000000000 0.00000000000 0.00000000000 0.00000000000 0.00000000000 0.00000000000
# log_F:
 -11.3902888241 -11.3902787283 -10.6971172326 -11.3873735666 -10.6809835273 -11.3594512946 -11.3433686016 -7.68801515274 -7.10121380649 -7.54687912364 -8.21714603158 -9.15755048403 -7.47227221875 -7.37394155995 -7.36468628003 -7.08901193284 -5.74289094864 -4.32696928590 -4.83369249663 -4.72958631659 -7.83032357414 -4.94881903249 -7.22682708328 -7.41527149214 -6.89396552093 -0.640268208905 -0.472730549793 -0.565079529878 -0.836837155655 -0.365032557145 -1.11972717514 -1.18437733639 -0.789611339479 -0.854832261239 -0.487732961243 -0.0857587155573 0.0391762582006 -1.18143097700 -0.999266170512 -0.537948321175 -0.247490067734 0.0756297221585 0.443643077662 0.699999968866 0.151981920783 0.302454716489 -0.0667207139650 -0.510049498086 -0.0185449794749 -0.377233330085 -0.644762087402 -0.465350792032 -0.278259004636 -0.201154512999 -0.262824518131 -0.112278324698 -0.509196240670 -0.0434558594524 -0.217190220381 0.0564843372780 -0.677963888250
# log_qflo:
 -5.39512264530 -4.62286764970 -4.59687966428 -4.54593498450 -4.52999975553
# log_b:
0.00000000000
# log_Lo:
4.00026635350
# log_cv_edad:
-2.30258509299
