# Number of parameters = 133 Objective function value = 23168.7898956289  Maximum gradient component = 0.0325920764107636
# log_L50:
 1.39409795188833 1.44684142408405
# log_sigma1:
 -8.03288160615499 -1.68422808255406
# log_sigma2:
 9.20000000000000 9.20000000000000
# log_Ro:
4.84753729696
# dev_log_Ro:
 -0.101111373054 -0.115325621780 -0.131705787505 -0.150462497586 -0.171916944201 -0.196343863164 -0.223870343180 -0.254815630971 -0.289430284127 -0.328228633920 -0.371749284105 -0.420207204473 -0.473903914378 -0.533551309202 -0.592516186124 -0.649999304448 -0.710311135970 -0.732036428642 -0.717354083232 -0.665203833622 -0.586964534332 -0.517379048653 -0.243393541562 1.15610325677 0.226732155071 0.114607019142 0.910832348520 0.776815393691 0.00468464199962 -0.119219088105 -0.103022984282 0.0496578926884 0.710656778154 1.05056882124 -0.280292812173 1.00927801330 1.04254432132 0.511333229412 0.496804070751 0.340901991093 -1.83966821850 0.658385046990 0.226615861595 0.508378159697 0.112617481995 -0.872171776364 0.832364720158 -0.192755992539 0.829524905544 0.267223798865 0.437827611247 0.428898360638 -0.354501028322 0.359273328449 -0.712866040668 0.572900473244 -0.261304472317 0.329325308699 -0.0170905095053 -0.0170899141833 -0.0170913650803
# dev_log_No:
 0.00000000000 0.00000000000 0.00000000000 0.00000000000 0.00000000000 0.00000000000 0.00000000000 0.00000000000 0.00000000000 0.00000000000 0.00000000000 0.00000000000
# log_F:
 -11.3467503634 -11.3467398700 -10.6535777052 -11.3467121189 -10.6427829520 -11.3239865914 -11.3109020000 -7.65878290281 -7.07544603364 -7.52481364150 -8.19901494456 -9.14357172349 -7.46265086377 -7.36878983334 -7.36411260478 -7.09312930644 -5.75180302371 -4.34069110738 -4.85218117875 -4.75276224828 -7.85747783957 -4.98045287953 -7.26386897155 -7.45903921831 -6.94568678714 -0.708353270057 -0.486371085254 -0.932495148358 -0.960629618335 -0.587709501258 -1.42038188552 -1.35618369334 -0.899184272333 -0.971924650788 -0.609699713526 -0.177687035024 -0.0803048569677 -1.49547362780 -0.983525327212 -0.703970358067 -0.372849587953 -0.0403310887353 0.374989280883 0.353666837841 0.456252110362 0.440037940532 0.125333884269 -0.361785037161 -0.0647122953968 -0.164718866955 -0.735089769120 -0.318115755906 -0.302905755595 -0.138965042289 -0.132116638378 -0.171168433274 -0.334138589291 -0.194843882894 -0.00840071756631 -0.0527886859975 -0.513779953712
# log_qflo:
 -5.53687407655 -4.82671088446 -4.40454772525 -4.49589355393 -4.49371583784
# log_b:
0.00000000000
# log_Lo:
3.98126114509
# log_cv_edad:
-2.30258509299
