# Number of parameters = 133 Objective function value = 23169.4863401012  Maximum gradient component = 0.0870849599574391
# log_L50:
 1.38898562084189 1.44735557214446
# log_sigma1:
 -10.4209879807074 -1.69600310220563
# log_sigma2:
 9.20000000000000 9.20000000000000
# log_Ro:
4.83871690926
# dev_log_Ro:
 -0.104851362831 -0.119503817559 -0.136376074426 -0.155676584405 -0.177729265649 -0.202808165441 -0.231030836420 -0.262710122439 -0.298088202087 -0.337680764822 -0.382035301565 -0.431352776498 -0.485930226378 -0.546485450944 -0.605958407636 -0.663456923545 -0.723594938640 -0.747418631538 -0.735712228959 -0.687643303623 -0.613937389253 -0.547314872407 -0.284069356657 1.16850781166 0.224421980237 0.118644121460 0.905897976138 0.788107375981 0.0292558495389 -0.101856285330 -0.0947764595458 0.0417191448389 0.706280796152 1.03892560030 -0.255007099603 1.01675014236 1.05413992683 0.532118165797 0.513045316039 0.352086509054 -1.84198620822 0.667442522295 0.233278969668 0.511417127933 0.120655590538 -0.861138916896 0.832184557131 -0.172486157157 0.833995350929 0.286945594275 0.447771552224 0.434495163871 -0.338178856789 0.363154986072 -0.680151327722 0.570287269570 -0.233736906000 0.323043292536 -0.0179631922768 -0.0179630838733 -0.0179631963003
# dev_log_No:
 0.00000000000 0.00000000000 0.00000000000 0.00000000000 0.00000000000 0.00000000000 0.00000000000 0.00000000000 0.00000000000 0.00000000000 0.00000000000 0.00000000000
# log_F:
 -11.3463743769 -11.3463638709 -10.6532016965 -11.3463360547 -10.6421084231 -11.3229628155 -11.3094842151 -7.65693078048 -7.07312154680 -7.52198155975 -8.19564339778 -9.13963122909 -7.45811249927 -7.36364370184 -7.35834706993 -7.08673150179 -5.74475062076 -4.33291789695 -4.84368893055 -4.74361283271 -7.84778444074 -4.97004720041 -7.25248137248 -7.44624892286 -6.93093338413 -0.685128950929 -0.439970947056 -0.909139808576 -0.934707801751 -0.558545359405 -1.39365409630 -1.33811049914 -0.885261256639 -0.960263674817 -0.597977197689 -0.155314283964 -0.0480053051376 -1.46366294261 -0.955212768846 -0.683424633829 -0.357394308600 -0.0280798967825 0.385538884686 0.362966804372 0.495117924368 0.471699501222 0.162660078289 -0.333391208705 -0.0406596477654 -0.119628068337 -0.708803776931 -0.286295295334 -0.279134228173 -0.115348928944 -0.106440720147 -0.149714474929 -0.305108053579 -0.177547796736 0.0255616175905 -0.0271343823240 -0.482647733686
# log_qflo:
 -5.51023524777 -4.81416094094 -4.36766797287 -4.46264404432 -4.46653903811
# log_b:
0.00000000000
# log_Lo:
3.97693820972
# log_cv_edad:
-2.30258509299
