# Number of parameters = 133 Objective function value = 23187.6575380683  Maximum gradient component = 7.16183261377388e-05
# log_L50:
 1.42735287022587 1.27772733715640
# log_sigma1:
 -2.64019893228938 -2.95868255418513
# log_sigma2:
 9.20000000000000 9.20000000000000
# log_Ro:
4.78515621750
# dev_log_Ro:
 -0.118350259766 -0.134411551619 -0.152862095066 -0.173905901397 -0.197873540637 -0.225032651984 -0.255471563946 -0.289481655792 -0.327277651579 -0.369357952607 -0.416171046306 -0.468094612587 -0.525173326853 -0.588213180175 -0.649004072712 -0.707234782295 -0.767225177593 -0.800802948597 -0.802191779008 -0.770909658068 -0.711958439729 -0.645510339397 -0.396416236643 0.809207044282 0.660585867559 -0.372929180188 0.870780561404 0.896072730673 0.260892383806 0.0539148542876 -0.121069114809 -0.259031324503 0.600058079361 0.891507476287 0.194501144192 0.849186313669 1.13889650435 0.646018242120 0.601720193342 0.543786840838 -1.48145868826 0.453804798272 0.340879835779 0.465281059616 0.303542605738 -0.686550462532 0.657411876511 0.0299256328637 0.792347614239 0.304999656009 0.499222619814 0.520465768720 -0.286518680521 0.388881266512 -0.725833941294 0.587655813627 -0.252276106533 0.384195966094 -0.0223816175283 -0.0223816487193 -0.0223815607321
# dev_log_No:
 0.00000000000 0.00000000000 0.00000000000 0.00000000000 0.00000000000 0.00000000000 0.00000000000 0.00000000000 0.00000000000 0.00000000000 0.00000000000 0.00000000000
# log_F:
 -11.3562745918 -11.3562641669 -10.6631021457 -11.3554619015 -10.6499462571 -11.3293806770 -11.3143614977 -7.66015651452 -7.07458759880 -7.52158091978 -8.19327499795 -9.13519983804 -7.45152580571 -7.35486082588 -7.34733314518 -7.07344265611 -5.72913526026 -4.31487567698 -4.82325908465 -4.72093221438 -7.82327113344 -4.94316648166 -7.22231479472 -7.41140343809 -6.88977948721 -0.623883047764 -0.375785250299 -0.562927045249 -0.775696268625 -0.258824200047 -1.15973792935 -1.19910462709 -0.799343074299 -0.907166949185 -0.526256909416 0.0395742357349 0.223857504836 -1.13275771078 -0.801099429589 -0.467659187941 -0.199524131758 0.113683920538 0.512673470256 0.419266673848 0.0651997889123 0.193704000206 -0.180576940080 -0.598159978195 -0.122466208356 -0.525378825452 -0.762904072676 -0.571984374168 -0.376601066550 -0.290454163911 -0.349504461762 -0.203464750209 -0.617266611816 -0.140395174759 -0.364380558715 -0.0751053199271 -0.772061724506
# log_qflo:
 -5.27629906455 -4.69053121679 -4.70102370559 -4.67077292439 -4.64142787422
# log_b:
0.00000000000
# log_Lo:
3.99199195535
# log_cv_edad:
-2.30258509299
