# Number of parameters = 133 Objective function value = 23170.8609606816  Maximum gradient component = 0.000419506210490061
# log_L50:
 1.40508345493610 1.45419813882897
# log_sigma1:
 -4.47603744891263 -1.62256994276195
# log_sigma2:
 9.20000000000000 9.20000000000000
# log_Ro:
4.82403573217
# dev_log_Ro:
 -0.111611010663 -0.127044247519 -0.144788970253 -0.165053662561 -0.188166110301 -0.214396482369 -0.243842423581 -0.276808787351 -0.313522846614 -0.354497578415 -0.400294607829 -0.451099314917 -0.507200291781 -0.569323611117 -0.629636135010 -0.687073867756 -0.746813231988 -0.774024464682 -0.767343421643 -0.726200541242 -0.660089506230 -0.598225608395 -0.353570009330 1.18664607696 0.222835560881 0.125270618661 0.896672479644 0.806115487613 0.0708082890684 -0.0727559989218 -0.0784226534868 0.0311715658936 0.699228116950 1.01709496306 -0.209928220295 1.02812272505 1.07389445054 0.567363812319 0.540582709768 0.371200890549 -1.84495340775 0.683851302428 0.244393250487 0.516491224136 0.133418810185 -0.838346791330 0.831133240929 -0.133704513699 0.839911599569 0.321660525648 0.465114593313 0.442556009739 -0.306644350056 0.367133474193 -0.615715756536 0.563047773967 -0.183216737258 0.307291654693 -0.0195653753809 -0.0195653354840 -0.0195653345020
# dev_log_No:
 0.00000000000 0.00000000000 0.00000000000 0.00000000000 0.00000000000 0.00000000000 0.00000000000 0.00000000000 0.00000000000 0.00000000000 0.00000000000 0.00000000000
# log_F:
 -11.3467208072 -11.3467102830 -10.6535480857 -11.3466823959 -10.6419309080 -11.3221682625 -11.3079910911 -7.65466639605 -7.07001798643 -7.51797627494 -8.19068035004 -9.13365912432 -7.45108190019 -7.35554113431 -7.34915640282 -7.07643406270 -5.73331157524 -4.32022883397 -4.82975702861 -4.72854735243 -7.83178423542 -4.95284862747 -7.23364304522 -7.42507579580 -6.90650873606 -0.646225643236 -0.359985191019 -0.868213504687 -0.890048251495 -0.507939137480 -1.34691561772 -1.30630905904 -0.860866398129 -0.939763862940 -0.578188036042 -0.118722958283 0.00637358327442 -1.40794580184 -0.906551574481 -0.647544631180 -0.330564364887 -0.00703215181997 0.403585483647 0.378515603816 0.565693339712 0.527799742237 0.229167807124 -0.283286600519 0.000614366147907 -0.0386963380246 -0.662896692524 -0.230157087787 -0.236661730725 -0.0738142416187 -0.0609472496765 -0.112005645894 -0.253509875298 -0.147197540183 0.0851342030348 0.0186620371905 -0.427738175091
# log_qflo:
 -5.46419741437 -4.79273722090 -4.30131460595 -4.40380917988 -4.41828633839
# log_b:
0.00000000000
# log_Lo:
3.96897092691
# log_cv_edad:
-2.30258509299
