# Number of parameters = 133 Objective function value = 23168.1464644495  Maximum gradient component = 0.0888960942328465
# log_L50:
 1.39367866704397 1.44652100650560
# log_sigma1:
 -6.08403952661351 -1.66877555541489
# log_sigma2:
 9.20000000000000 9.20000000000000
# log_Ro:
4.85684527976
# dev_log_Ro:
 -0.0973800276811 -0.111154269201 -0.127037408940 -0.145246998756 -0.166095140928 -0.189856886466 -0.216683146119 -0.246876735958 -0.280708142322 -0.318690877443 -0.361358316671 -0.408931789913 -0.461717714713 -0.520430617745 -0.578854385083 -0.636281115150 -0.696724927908 -0.716194595200 -0.698415599395 -0.642027881589 -0.559033408380 -0.486240570883 -0.201255556568 1.14165211963 0.230352140038 0.110295570525 0.915596214706 0.764563971583 -0.0208762418100 -0.137366277784 -0.110688354759 0.0590484536919 0.715364879095 1.06166869342 -0.305387132878 1.00087054374 1.03050000233 0.489685446707 0.479893783620 0.329318392442 -1.83690975898 0.649300588714 0.219644649496 0.505132572083 0.104055648842 -0.882299356382 0.832259652860 -0.212147750945 0.824213072251 0.247176304329 0.427591602886 0.422606955450 -0.370133311808 0.354307895061 -0.743511676199 0.574588755329 -0.288545530547 0.334067467769 -0.0162305909082 -0.0162299468489 -0.0162333337422
# dev_log_No:
 0.00000000000 0.00000000000 0.00000000000 0.00000000000 0.00000000000 0.00000000000 0.00000000000 0.00000000000 0.00000000000 0.00000000000 0.00000000000 0.00000000000
# log_F:
 -11.3475541012 -11.3475436215 -10.6543815429 -11.3475159306 -10.6438907476 -11.3254483430 -11.3127620368 -7.66108124620 -7.07822109953 -7.52810145854 -8.20284717999 -9.14797908518 -7.46766354917 -7.37441988189 -7.37037318152 -7.10003513151 -5.75937911991 -4.34900808668 -4.86123896712 -4.76249842697 -7.86777801369 -4.99150172870 -7.27595329057 -7.47260478859 -6.96133211462 -0.732771544993 -0.534167936436 -0.956182295844 -0.987307888247 -0.617571146379 -1.44761268105 -1.37453435540 -0.913395339648 -0.983840283161 -0.622000904479 -0.201537551211 -0.114064086817 -1.52776137736 -1.01266633034 -0.724872402024 -0.388641184333 -0.0529336923725 0.364097090412 0.343889580661 0.417448714680 0.407959799787 0.0876612433158 -0.390615661864 -0.0896189173392 -0.210014902777 -0.761959909432 -0.350396713856 -0.326843945885 -0.162991404989 -0.158107173605 -0.193038288574 -0.363457783213 -0.212542102383 -0.0429791005627 -0.0786622016898 -0.545392047142
# log_qflo:
 -5.56418768804 -4.83969177652 -4.44155338333 -4.52960360817 -4.52120532292
# log_b:
0.00000000000
# log_Lo:
3.98552135229
# log_cv_edad:
-2.30258509299
