# Number of parameters = 133 Objective function value = 23185.1560496675  Maximum gradient component = 3.91955251746865e-05
# log_L50:
 1.60947679928112 1.38624629357399
# log_sigma1:
 -0.875403387519085 -2.10213212306047
# log_sigma2:
 9.20000000000000 9.20000000000000
# log_Ro:
4.79723334285
# dev_log_Ro:
 -0.113355101536 -0.128878252434 -0.146729040723 -0.167112494055 -0.190357674793 -0.216735023062 -0.246346576844 -0.279489333996 -0.316387850900 -0.357541627721 -0.403404205325 -0.454338607332 -0.510425434004 -0.572453048655 -0.632713364535 -0.690864677791 -0.751031758701 -0.782305488785 -0.780466860300 -0.745071494603 -0.682383580357 -0.615102800174 -0.359538052061 0.840999503721 0.621995366862 -0.323371498001 0.889319900582 0.880655340017 0.220873766166 0.0279540383945 -0.140584971962 -0.247330894724 0.611999285512 0.919426374749 0.135472080256 0.867171001886 1.12280644197 0.618661154683 0.583008267491 0.519088978686 -1.52583134450 0.454887347671 0.331087945521 0.463421851674 0.291365057224 -0.707115616826 0.666114810015 0.0119403963407 0.786492515146 0.282946053283 0.483773122076 0.507583873324 -0.304299280470 0.382394602865 -0.753667493236 0.588698572600 -0.280614670280 0.378612011466 -0.0209672625877 -0.0209671151381 -0.0209671637740
# dev_log_No:
 0.00000000000 0.00000000000 0.00000000000 0.00000000000 0.00000000000 0.00000000000 0.00000000000 0.00000000000 0.00000000000 0.00000000000 0.00000000000 0.00000000000
# log_F:
 -11.3531305821 -11.3531201378 -10.6599579743 -11.3524234376 -10.6472939960 -11.3271806956 -11.3126712683 -7.65902573508 -7.07406159918 -7.52170172261 -8.19408017369 -9.13672289665 -7.45379771891 -7.35788645027 -7.35111892291 -7.07799736396 -5.73447469546 -4.32104724970 -4.83025112845 -4.72868619419 -7.83167190366 -4.95237404060 -7.23259512417 -7.42314490793 -6.90341912122 -0.645507295566 -0.413219782530 -0.619585174258 -0.811044350866 -0.312620680423 -1.21199683163 -1.23295652999 -0.823298154145 -0.926706709555 -0.544074120531 0.0129065410251 0.176803695823 -1.19468140338 -0.834400083655 -0.506302260928 -0.228658557401 0.0896875577484 0.490037233846 0.396233341723 0.0372436935583 0.163615641344 -0.213612510596 -0.624706849393 -0.154952838190 -0.565316950880 -0.798142281496 -0.602053343199 -0.403676727711 -0.315875334083 -0.373066875926 -0.231023225139 -0.642280433814 -0.167708183050 -0.395566199351 -0.106921956941 -0.800486393215
# log_qflo:
 -5.32011937743 -4.71770723742 -4.73293527675 -4.70673437479 -4.67053300896
# log_b:
0.00000000000
# log_Lo:
3.99605559797
# log_cv_edad:
-2.30258509299
