# Number of parameters = 133 Objective function value = 23168.4612923787  Maximum gradient component = 0.173773536267083
# log_L50:
 1.39028866782782 1.44726285446802
# log_sigma1:
 -6.36510940137237 -1.66667566011110
# log_sigma2:
 9.20000000000000 9.20000000000000
# log_Ro:
4.85212931171
# dev_log_Ro:
 -0.0992455410409 -0.113239135896 -0.129365790475 -0.147863778180 -0.169005862859 -0.193101170279 -0.220283585580 -0.250846162927 -0.285080614759 -0.323472839550 -0.366569790556 -0.414585283980 -0.467831251636 -0.527012373608 -0.585708775019 -0.643177493534 -0.703553476188 -0.724177987315 -0.707960762759 -0.653710005223 -0.573120903265 -0.501959654577 -0.222519467555 1.14916170801 0.228354609211 0.112489460664 0.913237224372 0.770810837431 -0.00797541005503 -0.128197811442 -0.106930561476 0.0541773218530 0.712968558039 1.05619588372 -0.292880725528 1.00519719838 1.03657910147 0.500617418108 0.488432962593 0.335159772461 -1.83834244760 0.653848038529 0.223171029439 0.506781495970 0.108398527151 -0.877336281045 0.832346550293 -0.202551460734 0.826972189018 0.257244066655 0.432748038729 0.425836148763 -0.362394930319 0.356921501920 -0.728441829924 0.573857340216 -0.274961102362 0.331875279898 -0.0166599230483 -0.0166593964485 -0.0166586761474
# dev_log_No:
 0.00000000000 0.00000000000 0.00000000000 0.00000000000 0.00000000000 0.00000000000 0.00000000000 0.00000000000 0.00000000000 0.00000000000 0.00000000000 0.00000000000
# log_F:
 -11.3470973149 -11.3470868389 -10.6539246991 -11.3470591243 -10.6432810674 -11.3246611617 -11.3117757762 -7.65987445032 -7.07677549901 -7.52639904261 -8.20087159282 -9.14571565218 -7.46509624675 -7.37154248555 -7.36717888795 -7.09651658452 -5.75552346748 -4.34477981406 -4.85663787547 -4.75755517406 -7.86255048817 -4.98589484905 -7.26982164293 -7.46572243468 -6.95339489104 -0.720410048963 -0.510089753389 -0.944304962914 -0.973874972064 -0.602555636221 -1.43393625016 -1.36532466729 -0.906252251272 -0.977847058536 -0.615773866027 -0.189426825934 -0.0970033956921 -1.51156339014 -0.997996170144 -0.714380534818 -0.380705729547 -0.0465905763736 0.369584353467 0.348837885224 0.436850648917 0.424054897551 0.106544344596 -0.376142551843 -0.0770567276819 -0.187335818918 -0.748449500680 -0.334198373320 -0.314851467952 -0.150925427951 -0.145069915888 -0.182048687690 -0.348759898052 -0.203638408363 -0.0256114156919 -0.0656957888475 -0.529524309319
# log_qflo:
 -5.55045037841 -4.83314884127 -4.42302879559 -4.51268793360 -4.50741856751
# log_b:
0.00000000000
# log_Lo:
3.98339860723
# log_cv_edad:
-2.30258509299
