# Number of parameters = 133 Objective function value = 23169.1317471737  Maximum gradient component = 0.0700649716046711
# log_L50:
 1.38957195771985 1.44637154208874
# log_sigma1:
 -12.5074928366748 -1.70254615114306
# log_sigma2:
 9.20000000000000 9.20000000000000
# log_Ro:
4.84306673432
# dev_log_Ro:
 -0.102980206819 -0.117413762121 -0.134040929794 -0.153070125624 -0.174824075786 -0.199577905782 -0.227454947666 -0.258768633781 -0.293766632203 -0.332965302975 -0.376905074530 -0.425795227108 -0.479935949514 -0.540041269033 -0.599263992733 -0.656759406012 -0.716989166803 -0.739783379118 -0.726605408748 -0.676515285418 -0.600570257473 -0.532496035481 -0.263916728322 1.16254239952 0.225426370535 0.116659241627 0.908385055138 0.782579262866 0.0170978565624 -0.110436209929 -0.0989716219280 0.0455040833892 0.708427874102 1.04480597173 -0.267657126503 1.01312595524 1.04839782237 0.521833494946 0.505008464856 0.346544286660 -1.84088387746 0.662913825314 0.229988846513 0.509920899154 0.116709346158 -0.866780014893 0.832310319653 -0.182732021231 0.831865285020 0.277125215860 0.442832488011 0.431788613162 -0.346434344661 0.361354988847 -0.696775103460 0.571713750491 -0.247563568899 0.326387895370 -0.0175253329397 -0.0175253547828 -0.0175253335617
# dev_log_No:
 0.00000000000 0.00000000000 0.00000000000 0.00000000000 0.00000000000 0.00000000000 0.00000000000 0.00000000000 0.00000000000 0.00000000000 0.00000000000 0.00000000000
# log_F:
 -11.3465098724 -11.3464993679 -10.6533372066 -11.3464715774 -10.6423925080 -11.3234209378 -11.3101387839 -7.65780196877 -7.07422840037 -7.52334165550 -8.19727250910 -9.14154405286 -7.46032335935 -7.36615726933 -7.36116898913 -7.08986803072 -5.74821260807 -4.33673785473 -4.84786574734 -4.74811567223 -7.85255691940 -4.97517143666 -7.25808994867 -7.45254917492 -6.93820084129 -0.696593953613 -0.462995496288 -0.920771199371 -0.947572517786 -0.573038004589 -1.40695351120 -1.34711202944 -0.892188148638 -0.966065448282 -0.603769772320 -0.166316779860 -0.0639711930655 -1.47950279181 -0.969261335488 -0.693649373749 -0.365077326589 -0.0341595129583 0.380308272726 0.358376208846 0.475669871897 0.455918083732 0.144036590803 -0.347535539113 -0.0525817387478 -0.142153104735 -0.721875024039 -0.302148413603 -0.291001154811 -0.127106962446 -0.119240864929 -0.160392051780 -0.319588756564 -0.186149842791 0.00865745551612 -0.0399374757848 -0.498155834178
# log_qflo:
 -5.52346643359 -4.82038081438 -4.38609725162 -4.47921395286 -4.48009072729
# log_b:
0.00000000000
# log_Lo:
3.97910802075
# log_cv_edad:
-2.30258509299
