# Number of parameters = 133 Objective function value = 23185.6627380060  Maximum gradient component = 192.178394557490
# log_L50:
 1.49815671184646 1.39516624088539
# log_sigma1:
 -1.61675274219238 -1.92563018638606
# log_sigma2:
 9.20000000000000 9.20000000000000
# log_Ro:
4.79309198263
# dev_log_Ro:
 -0.115036036135 -0.130743442284 -0.148793225792 -0.169400197542 -0.192894515959 -0.219535418024 -0.249431424135 -0.282874954726 -0.320068657761 -0.361551673593 -0.407730454080 -0.459008744199 -0.515431914294 -0.577809797245 -0.638251591700 -0.696431365541 -0.756539003911 -0.788612963123 -0.787892813384 -0.753936331998 -0.692580450093 -0.625679983239 -0.372453639641 0.831665890468 0.634113289335 -0.338573279126 0.883656578392 0.885768871055 0.234470838088 0.0370576702395 -0.134478339379 -0.251570829350 0.608092059312 0.909919037531 0.155168567978 0.861891959746 1.12831034925 0.628074362895 0.589579085373 0.527339437794 -1.51284474273 0.454658076270 0.334477486116 0.464158864216 0.295526698367 -0.700317135352 0.663394826894 0.0179647253969 0.788595642342 0.290372773250 0.488997745397 0.511970742394 -0.298412798039 0.384784892839 -0.744674749935 0.588602403273 -0.271303930532 0.380549195266 -0.0214316376126 -0.0214336145982 -0.0214324144265
# dev_log_No:
 0.00000000000 0.00000000000 0.00000000000 0.00000000000 0.00000000000 0.00000000000 0.00000000000 0.00000000000 0.00000000000 0.00000000000 0.00000000000 0.00000000000
# log_F:
 -11.3540254211 -11.3540150415 -10.6608532051 -11.3532863680 -10.6480258354 -11.3277590023 -11.3130773745 -7.65924281921 -7.07407403428 -7.52149563511 -8.19364210989 -9.13604158269 -7.45286302497 -7.35669524606 -7.34966971560 -7.07628648533 -5.73249628455 -4.31878419564 -4.82770645303 -4.72588057549 -7.82864541886 -4.94906934986 -7.22891917067 -7.41896035915 -6.89856892818 -0.637827383476 -0.399834529717 -0.600830219964 -0.798877520897 -0.294396784337 -1.19469351877 -1.22167798746 -0.815314599672 -0.920288939852 -0.538089402772 0.0222887627936 0.193028052193 -1.17374366460 -0.822643128263 -0.493192709346 -0.218812250837 0.0978119684169 0.497681559403 0.403619146868 0.0465151074966 0.173570140976 -0.202686012622 -0.615901764570 -0.144151644974 -0.552141046519 -0.786479445900 -0.592132987998 -0.394744741253 -0.307481875858 -0.365284748270 -0.221882112306 -0.634071263616 -0.158641796632 -0.385365511561 -0.0964362618316 -0.791075949619
# log_qflo:
 -5.30512604246 -4.70867914443 -4.72237761153 -4.69484957566 -4.66093804555
# log_b:
0.00000000000
# log_Lo:
3.99467956234
# log_cv_edad:
-2.30258509299
