# Number of parameters = 133 Objective function value = 23169.8531857123  Maximum gradient component = 0.0471254535419879
# log_L50:
 1.39191835734514 1.45114210607878
# log_sigma1:
 -6.61579350298178 -1.64405423252740
# log_sigma2:
 9.20000000000000 9.20000000000000
# log_Ro:
4.83448630208
# dev_log_Ro:
 -0.106725639455 -0.121596649632 -0.138711504638 -0.158281489933 -0.180630677229 -0.206032944797 -0.234599471509 -0.266640744456 -0.302394883272 -0.342377717399 -0.387139389116 -0.436876887076 -0.491885269004 -0.552884955326 -0.612600291989 -0.670092344386 -0.730130161881 -0.754944892395 -0.744679398489 -0.698590033052 -0.627066831596 -0.561837178182 -0.303859788886 1.17403973586 0.223687867375 0.120564308431 0.903374842711 0.793403994095 0.0411530542130 -0.0934837893000 -0.0904235981496 0.0382859654062 0.704218918363 1.03294637496 -0.242379433349 1.02016142131 1.05977144917 0.542187956940 0.520914389139 0.357527676258 -1.84297264224 0.671975109230 0.236489647590 0.512869521007 0.124442824856 -0.855222107713 0.831986406003 -0.162013528984 0.835915182321 0.296684777657 0.452654112723 0.437006381228 -0.329717421220 0.364662941522 -0.662985728581 0.568614984993 -0.219822868083 0.319272396791 -0.0184041076597 -0.0184038880864 -0.0184039830909
# dev_log_No:
 0.00000000000 0.00000000000 0.00000000000 0.00000000000 0.00000000000 0.00000000000 0.00000000000 0.00000000000 0.00000000000 0.00000000000 0.00000000000 0.00000000000
# log_F:
 -11.3463416087 -11.3463310913 -10.6531689137 -11.3463032508 -10.6419283673 -11.3226097585 -11.3089358012 -7.65616685950 -7.07212319478 -7.52073122081 -8.19412531817 -9.13783091597 -7.45601590206 -7.36124648385 -7.35564423634 -7.08371736131 -5.74141479860 -4.32922889750 -4.83964825537 -4.73925120259 -7.84315769509 -4.96507715748 -7.24703966241 -7.44013444748 -6.92387980960 -0.673954073014 -0.417294988867 -0.897612350465 -0.922038925911 -0.544236561436 -1.38048806370 -1.32918072594 -0.878402127647 -0.954514910983 -0.592322604932 -0.144673304642 -0.0324099121429 -1.44796688741 -0.941387264316 -0.673303577343 -0.349805650161 -0.0220967656812 0.390678286343 0.367440137308 0.514621115343 0.487393427599 0.181212423243 -0.319346852661 -0.0289400371286 -0.0971316035892 -0.695872250515 -0.270554930305 -0.267300346524 -0.103687826141 -0.0937134040219 -0.139129249285 -0.290693138727 -0.169028068786 0.0423127360487 -0.0143729790679 -0.467253430327
# log_qflo:
 -5.49718792013 -4.80805437316 -4.34924609759 -4.44617705612 -4.45305536000
# log_b:
0.00000000000
# log_Lo:
3.97475069676
# log_cv_edad:
-2.30258509299
