# Number of parameters = 133 Objective function value = 23192.0098550237  Maximum gradient component = 0.000312041650568945
# log_L50:
 1.43818632720188 1.35770806376306
# log_sigma1:
 -2.07634485756368 -2.65680193036278
# log_sigma2:
 9.20000000000000 9.20000000000000
# log_Ro:
4.77751736278
# dev_log_Ro:
 -0.128096224884 -0.145269081740 -0.164960010297 -0.187366164463 -0.212816006912 -0.241576743110 -0.273725820449 -0.309538696076 -0.349214442381 -0.393232171446 -0.441962041184 -0.495912557248 -0.554942683492 -0.619801987311 -0.682042669019 -0.742784693166 -0.804994047077 -0.843265054207 -0.847986396758 -0.818201953229 -0.754319099095 -0.670179927057 -0.420214974149 0.524713131921 0.963808077338 -0.691231788094 0.571449459706 1.00233393425 0.361208337724 -0.122834135336 -0.0701445418704 -0.157463788746 0.569925453600 0.861908887620 0.642267785634 0.361647850699 1.22766006575 0.526155532413 0.675657218849 0.282294159921 -0.140789284819 0.322330168790 0.324238945218 0.426143492145 0.303723722753 -0.625809469769 0.558301999037 0.0763185913650 0.759699255885 0.344838407459 0.516739099849 0.517741080190 -0.229766987974 0.333637398117 -0.580033641927 0.498204228799 -0.135072155034 0.377259953761 -0.0248856747267 -0.0248856449013 -0.0248856808491
# dev_log_No:
 0.00000000000 0.00000000000 0.00000000000 0.00000000000 0.00000000000 0.00000000000 0.00000000000 0.00000000000 0.00000000000 0.00000000000 0.00000000000 0.00000000000
# log_F:
 -11.3921629398 -11.3921528556 -10.6989913814 -11.3890745729 -10.6825657376 -11.3608944445 -11.3446546154 -7.68912888760 -7.10214166044 -7.54760843881 -8.21766559784 -9.15785056695 -7.47234425104 -7.37378489556 -7.36430000395 -7.08839489510 -5.74204056374 -4.32588545000 -4.83238194496 -4.72806304684 -7.82862236290 -4.94692016519 -7.22468472170 -7.41282277142 -6.89115931443 -0.636108609636 -0.463987094369 -0.551578229892 -0.830306332395 -0.359747370869 -1.10879942979 -1.17441079241 -0.783887774561 -0.848008254595 -0.479450490319 -0.0839439612048 0.0412345414412 -1.17000552119 -0.997450329593 -0.533929794495 -0.243161935072 0.0748717267230 0.441478578160 0.699999984563 0.163141127711 0.315899863893 -0.0518270794083 -0.498237493158 -0.00449344270783 -0.358396595550 -0.628428397294 -0.451200934249 -0.265345327586 -0.189214580229 -0.251755490465 -0.100155230415 -0.496204466389 -0.0312178897984 -0.200870870479 0.0720132442389 -0.664676583574
# log_qflo:
 -5.39040302709 -4.62436440812 -4.58318430192 -4.52922358476 -4.51590230092
# log_b:
0.00000000000
# log_Lo:
3.99947728394
# log_cv_edad:
-2.30258509299
