# Number of parameters = 133 Objective function value = 23170.6217501101  Maximum gradient component = 0.00104924513631268
# log_L50:
 1.39284505232708 1.44873031177209
# log_sigma1:
 -5.61192599375797 -1.70327711391730
# log_sigma2:
 9.20000000000000 9.20000000000000
# log_Ro:
4.82637776081
# dev_log_Ro:
 -0.110482207728 -0.125785978501 -0.143386118287 -0.163491333009 -0.186428685912 -0.212469200935 -0.241713902351 -0.274468757976 -0.310963691021 -0.351712203790 -0.397273200526 -0.447834929928 -0.503687497408 -0.565555293761 -0.625733935778 -0.683188760711 -0.743001661351 -0.769682589257 -0.762195308273 -0.719937423996 -0.652610979052 -0.590002485188 -0.342320107599 1.18394232916 0.222915991501 0.124219797040 0.898234749660 0.803315824428 0.0641336361639 -0.0774009667785 -0.0812843728847 0.0325784747216 0.700332503740 1.02077854249 -0.217344162516 1.02639433293 1.07070176978 0.561683072032 0.536146084722 0.368106722823 -1.84457431638 0.681094259435 0.242627600454 0.515671982413 0.131470401137 -0.842453422727 0.831374129425 -0.140377965678 0.839116826463 0.315942764421 0.462261348056 0.441410654754 -0.312119578150 0.366757311094 -0.626969366685 0.564494717265 -0.191724625571 0.310355539676 -0.0192954313781 -0.0192954354609 -0.0192954692370
# dev_log_No:
 0.00000000000 0.00000000000 0.00000000000 0.00000000000 0.00000000000 0.00000000000 0.00000000000 0.00000000000 0.00000000000 0.00000000000 0.00000000000 0.00000000000
# log_F:
 -11.3465751527 -11.3465646300 -10.6534024359 -11.3465367521 -10.6418713492 -11.3222104773 -11.3081487921 -7.65495172345 -7.07044221331 -7.51854974537 -8.19141228902 -9.13455792404 -7.45215556884 -7.35679153314 -7.35058587178 -7.07804535245 -5.73511000720 -4.32223152901 -4.83196248724 -4.73093762417 -7.83432661526 -4.95558368625 -7.23664039164 -7.42844570280 -6.91039603426 -0.652457121642 -0.372999883671 -0.874916270343 -0.897306076838 -0.516195226767 -1.35457509081 -1.31154141945 -0.864876051466 -0.943146598226 -0.581379525494 -0.124491257471 -0.00234722290827 -1.41706970469 -0.914442272390 -0.653411427691 -0.334937610919 -0.0104417722074 0.400667958739 0.376031087097 0.553846436616 0.518521714996 0.218132391453 -0.291551415670 -0.00609158526254 -0.0521818031185 -0.670424883234 -0.239412470433 -0.243717988692 -0.0806526543449 -0.0684675732683 -0.118217808591 -0.262053729650 -0.152200158192 0.0753461873046 0.0110530776721 -0.436793199225
# log_qflo:
 -5.47168459016 -4.79619738512 -4.31238814579 -4.41353294715 -4.42627586867
# log_b:
0.00000000000
# log_Lo:
3.97031739172
# log_cv_edad:
-2.30258509299
