# Number of parameters = 142 Objective function value = 4979.45716023229  Maximum gradient component = 4.03856327641585e-06
# log_L50:
 1.38646902681892
# log_sigma1:
 -0.885720778287682
# log_sigma2:
 9.20000000000000
# log_Ro:
4.58827404957
# dev_log_Ro:
 0.0129852993346 0.0147886063061 0.0170351835641 0.0198296442977 0.0233103389397 0.0275942061921 0.0328313653164 0.0393682262225 0.0472665315774 0.0574793971107 0.0686170541856 0.0809435193611 0.0947234006238 0.109239858101 0.126782985126 0.146659796559 0.164856770777 0.190829634304 0.219402688184 0.262666681976 0.323532377469 0.389663493862 0.498200111857 0.756193184145 0.521252768404 0.105524643899 -0.487583136840 0.440240167204 -0.232248945638 -0.532870140824 -0.155891247615 -0.183242672927 -0.187016259503 -0.131654652093 0.276569531683 -0.277823412203 0.140025520556 0.0830357713837 -0.496444163209 -0.693052008986 -0.665218607660 0.0434452196287 0.185307643872 0.133544266060 0.194825444567 0.386527353291 -0.279152032441 0.169924335308 -0.430405531926 -0.202257510641 -0.367291494196 -0.0537667355322 -0.198899032139 -0.0492794620862 -0.509749209646 -0.100865767120 0.626736735187 -0.169715063157 -0.335363540905 -0.302974215541 0.00543190492637 0.00557318146282
# dev_log_No:
 0.00592666498807 0.00471236737320 0.00371930044306 0.00291629007738 0.00227390836536 0.00176389681296 0.00136173682450 0.00104654436482 0.000800898278861 0.000610499517510 0.000463612929886 0.00142928573868
# log_F:
 -10.8494122441 -10.1566909291 -10.8504397899 -10.1587835498 -10.8535921594 -10.1623010432 -10.1643633134 -6.76497890780 -5.63417048947 -4.28448153792 -4.01613673161 -3.02041356712 -4.91121277695 -7.04140806239 -4.68894371750 -4.47402910025 -2.61658514529 -2.21294700841 -2.31378735706 -1.31598670112 -1.36084447215 -0.823089033463 -0.994494218797 -0.829380472289 -0.763839989536 -0.898869925566 -1.29054523513 -1.39779713090 -1.49218386517 -1.12756418730 -1.73789762215 -1.40624448273 -0.887271233007 -1.02883597448 -0.756222714394 -0.411214668377 -1.25903369065 -0.528202535698 -1.92220182503 -1.03970510731 -1.03563702435 -1.42598875399 -0.622079637225 -1.44144059260 -0.836651841549 -1.02292023879 -1.28261014469 -0.731431795107 -0.876067609768 -0.571679888652 -0.668909110278 -1.11451831029 -1.62521630290 -1.41540204498 -1.43628841953 -1.49977416122 -1.13670864251 -1.03259084148 -1.23814284866 -1.65579172654 -0.918092401320 -0.656832536859
# log_qflo:
 -5.14015854473
# log_b:
0.00000000000
# log_Lo:
3.91202300543
# log_cv_edad:
-2.30258509299
# log_Fref:
 1.00500000000 1.00500000000
