# Number of parameters = 134 Objective function value = 5803.54642237559  Maximum gradient component = 4.40499953750848e-05
# log_L50:
 1.60957180838355 1.38624192225930
# log_sigma1:
 -0.727544223729845 -3.43265811519252
# log_sigma2:
 9.20000000000000 9.20000000000000
# log_Ro:
4.89072430364
# dev_log_Ro:
 -0.0756060813277 -0.0858323804123 -0.0977008873578 -0.111407481947 -0.127223675441 -0.145407736148 -0.166136557158 -0.189708742103 -0.216401378509 -0.246651623775 -0.280766258077 -0.319354239509 -0.362604146648 -0.411242671840 -0.460441205636 -0.509264081055 -0.558743180963 -0.594103488785 -0.610227028813 -0.605156444836 -0.577816489957 -0.532063518390 -0.413807106793 -0.150418713228 0.640479425472 -0.254648897703 0.557479357797 0.770341552112 0.145650495069 -0.113050981477 -0.0665098313475 -0.0679088563549 0.484754764513 0.711197191801 0.297058677789 0.551018702162 1.09096465154 0.318581328905 0.631311328944 0.538273593771 -0.812160311656 0.196911293764 0.234644036925 0.376651187397 0.122885116129 -0.397897449014 0.325940983516 0.0405775204082 0.602059984131 0.268179251008 0.428344675463 0.331575730407 -0.0163144685221 0.0730133133545 -0.345497086939 0.270109808122 -0.0880972283794 0.0782553703906 -0.0267256383603 -0.0164544945395 -0.0164544982794 -0.0164544796054
# dev_log_No:
 0.00000000000 0.00000000000 0.00000000000 0.00000000000 0.00000000000 0.00000000000 0.00000000000 0.00000000000 0.00000000000 0.00000000000 0.00000000000 0.00000000000
# log_F:
 -11.4614538466 -11.4614444793 -10.7682824974 -11.4604656056 -10.7591146739 -11.4432257404 -11.4333634771 -7.78481920028 -7.20543593281 -7.65909889890 -8.33791450400 -9.28742803310 -7.61186922716 -7.52370702040 -7.52508396635 -7.26053011328 -5.92621834348 -4.52361096823 -5.04404930313 -4.95342460756 -8.06655769956 -5.19656068869 -7.48373809030 -7.67740508226 -7.15690117539 -0.970993476258 -0.823984477944 -0.606545360970 -0.837056003491 -0.411858914888 -1.14061974581 -1.15686058342 -0.742771676235 -0.824847544409 -0.495523685409 -0.0990026182167 0.0819009539164 -1.12604173825 -0.881507003401 -0.454056290306 -0.184194273830 0.260579713440 0.552371836850 0.411085903609 0.0739427773855 0.202355950079 -0.197540318045 -0.553023504714 -0.251165451804 -0.398411748753 -0.696651912204 -0.456845548867 -0.277031927427 -0.206164095011 -0.186942651617 -0.217007219706 -0.461533751383 -0.167947640063 -0.170310257173 0.00575791326884 -0.537056794169 -0.682274690136
# log_qflo:
 -5.31765469942 -4.63241828161 -4.68770485371 -4.62452238990 -4.53885022714
# log_b:
0.00000000000
# log_Lo:
4.00733318523
# log_cv_edad:
-2.30258509299
