# Number of parameters = 133 Objective function value = 16109.6013023600  Maximum gradient component = 0.000624849414856325
# log_L50:
 1.65973545343167 1.57400448380184
# log_sigma1:
 -1.74452622613159 -0.184201875986489
# log_sigma2:
 9.20000000000000 9.20000000000000
# log_Ro:
3.23256304113
# dev_log_Ro:
 0.0745171842017 0.0842546770044 0.0939476851613 0.104190741503 0.115278346950 0.128186869651 0.141990440356 0.155230427909 0.170354947105 0.191717905377 0.211429642436 0.225493896724 0.244144896159 0.278706954138 0.303314581234 0.327747655976 0.356394708338 0.407531858234 0.434835884456 0.491188817760 0.413571786239 0.332949504734 0.353583147780 0.391632507946 0.445087857182 0.445688258807 0.356306282402 0.257411818403 0.157787168213 0.149578440960 0.264024184014 -0.329396866228 -0.586390509600 -0.172391644011 -1.06656309344 -0.833210587516 -0.859263808496 -0.972805382870 0.350706105912 -1.38557035251 -0.157124321638 0.128364183363 -0.0711487978903 -0.120086181995 -0.0206057256033 0.398573685665 -0.343280934788 -0.844485571517 -1.29114003888 0.138481405044 0.398022412523 -0.374543277176 -0.471135895324 -0.292333721068 0.462762934798 0.507885826489 0.233041810882 0.232204973773 -0.187399071887 -0.513274610151 -0.0788250211593 0.0128529979549
# dev_log_No:
 0.00000000000 0.00000000000 0.00000000000 0.00000000000 0.00000000000 0.00000000000 0.00000000000 0.00000000000 0.00000000000 0.00000000000 0.00000000000 0.00000000000
# log_F:
 -2.46062547005 -2.24502222066 -1.70706453516 -1.46500608825 -1.11840244979 -1.37745577319 -1.30605378540 -1.19328619574 -0.931018156376 -0.806957710231 -1.19363578330 -1.59807930898 -0.461074528447 -0.766149479483 -2.10910348776 -1.62248520544 0.274452756257 -0.250782435529 -0.573700611845 -0.708538334412 0.346428197615 -0.351910552488 -0.302962807406 -0.878861384327 0.699999874397 0.667013517379 0.518433745092 0.353394391999 -0.0454944341792 -0.0708639789591 -0.795689071113 -0.697945378792 -0.339723394889 -0.531681747182 -0.375441248314 -0.0173613611421 -0.734071088171 -0.673677418191 -1.36328879702 -1.51082861944 -1.93881814815 -1.63336037303 -0.489320012611 -1.27238809438 -1.34731464282 -1.87332596128 -2.41896523630 -1.38256857390 -1.12350459104 -1.25896130884 -0.743005110032 -0.281096359023 -0.190418330141 -0.308441994059 -0.507411429806 -1.06422869374 -1.23358892298 -0.610722978216 -1.17183267507 -1.00402592561 -1.10458930062 -1.05944106679
# log_qflo:
 1.63732418260 0.841141936871 0.791617352298 1.47315252083
# log_b:
0.00000000000
# log_Lo:
3.91202300543
# log_cv_edad:
-2.30258509299
