# Number of parameters = 134 Objective function value = 5813.14672906069  Maximum gradient component = 0.00310401469319924
# log_L50:
 1.42018142651927 1.38719972981875
# log_sigma1:
 -2.57194765098375 -4.01233703508445
# log_sigma2:
 9.20000000000000 9.20000000000000
# log_Ro:
4.90279808583
# dev_log_Ro:
 -0.0767952906143 -0.0871273422690 -0.0991163628214 -0.112958397401 -0.128924368961 -0.147274326303 -0.168188530967 -0.191964133955 -0.218879683726 -0.249370729492 -0.283758585115 -0.322647309365 -0.366218546718 -0.415147424262 -0.464674964493 -0.514199404041 -0.564733539641 -0.601050783767 -0.617372193835 -0.611470086727 -0.581177327416 -0.529024345482 -0.401738946697 -0.109069146214 0.659246962489 -0.251670469341 0.440102358524 0.816939488083 0.138250266182 -0.168992362346 -0.122621426014 -0.0440843174399 0.533472681079 0.835435436758 -0.121110437644 0.478652308803 1.19735804383 0.213127580957 0.733150442755 0.0784637629949 -0.233253365749 0.276824635865 0.159488311794 0.00509843054111 0.506874476965 -0.425568116389 0.265110846008 0.0543962681690 0.246924515204 0.195448215328 0.627627420214 0.469090591709 -0.258202645073 0.318395858768 -0.106828262017 0.180506594915 -0.438913807879 0.323114269646 0.332035410355 -0.0170027325775 -0.0170027325910 -0.0170027325931
# dev_log_No:
 0.00000000000 0.00000000000 0.00000000000 0.00000000000 0.00000000000 0.00000000000 0.00000000000 0.00000000000 0.00000000000 0.00000000000 0.00000000000 0.00000000000
# log_F:
 -11.4823059262 -11.4822967425 -10.7891365540 -11.4806656598 -10.7791747669 -11.4631319250 -11.4530986109 -7.80437153532 -7.22479369542 -7.67824140635 -8.35681649063 -9.30606519801 -7.63022209733 -7.54175597953 -7.54280209690 -7.27789188267 -5.94321504141 -4.54034136223 -5.06050165588 -4.96952634620 -8.08227268549 -5.21197990539 -7.49899148772 -7.69274921808 -7.17284396234 -0.994009599922 -0.866295565076 -0.708711421431 -0.907110585596 -0.518876988324 -1.19534391161 -1.20096952225 -0.783430402589 -0.858823904903 -0.525748794097 -0.206646157288 -0.123465210258 -1.27660058842 -0.892839287453 -0.516154370934 -0.274235486737 0.107429059951 0.380845420555 0.685374234199 0.00236433292766 0.209387185804 0.215604406648 -0.613421696493 -0.330188317819 -0.386412286917 -0.700517573728 -0.196518484585 0.0562838456768 -0.119545615911 -0.214226538321 -0.0875964898643 -0.549723318007 -0.422838271778 -0.304028213245 0.0732495533625 -0.726764621884 -1.07791853262
# log_qflo:
 0.0317696316663 1.06139714503 0.952117452689 0.657883065455 0.855968608493
# log_b:
0.00000000000
# log_Lo:
4.00733318523
# log_cv_edad:
-2.30258509299
