# Number of parameters = 142 Objective function value = 4986.87648530128  Maximum gradient component = 4.62480218064752e-05
# log_L50:
 1.38636377624429
# log_sigma1:
 -0.904662271188323
# log_sigma2:
 9.20000000000000
# log_Ro:
4.60597121843
# dev_log_Ro:
 0.0121455785871 0.0138254360469 0.0159181885704 0.0185211559817 0.0217631967630 0.0257535361352 0.0306320198242 0.0367191376896 0.0440702163521 0.0535603424207 0.0638948631692 0.0753278963099 0.0880920929102 0.101517791207 0.117682353110 0.135881801792 0.152458987358 0.176268380727 0.202749452453 0.243474711251 0.302044569940 0.368269063872 0.479425513264 0.731440674807 0.507264406097 0.0968188043914 -0.504431353009 0.438708430956 -0.240922171341 -0.525876238615 -0.157804580079 -0.199314682636 -0.204527082746 -0.0536561180866 0.197254070360 -0.581603236406 0.208195789453 0.0717843285826 -0.414110469365 -0.682313847907 -0.763201583087 0.142429514457 0.0707923465087 -0.253297815331 0.407235026530 0.311744019432 -0.468204350451 0.0960486289007 -0.499045765321 -0.198022854325 -0.250599090036 0.0463728048220 -0.204267256239 0.170015893318 -0.232724108096 -0.000362755814826 0.916809360260 -0.232645379610 -0.310271544562 -0.226117429509 0.00516900169249 0.00524032626980
# dev_log_No:
 0.00552326421248 0.00439184189559 0.00346649034837 0.00271822225056 0.00211954431808 0.00164421619081 0.00126937704475 0.000975567085014 0.000746603927407 0.000569110842331 0.000432204619225 0.00133231170744
# log_F:
 -10.8662541638 -10.1735019703 -10.8672045883 -10.1754514192 -10.8701511625 -10.1787373095 -10.1806613606 -6.78112676102 -5.65016707304 -4.30037924427 -4.03197982251 -3.03635821821 -4.92705109441 -7.05664251130 -4.70350657150 -4.48791273559 -2.63005506739 -2.22638177445 -2.32696009151 -1.32927383076 -1.37446747304 -0.836768321115 -1.00712160381 -0.838839455679 -0.769844976277 -0.901681775688 -1.28924882198 -1.39815840960 -1.49501966280 -1.12919001904 -1.74615101241 -1.41670859614 -0.903413856015 -1.05053177801 -0.778652866752 -0.438001162471 -1.32317908900 -0.534829013219 -1.84163780049 -1.01824036803 -1.02427227495 -1.44113787323 -0.642773918221 -1.44052605479 -0.892068818952 -1.00795404035 -1.13217431232 -0.717669440830 -0.832535763067 -0.454319961461 -0.523361804872 -0.944488491623 -1.49968467698 -1.35824918539 -1.43354375778 -1.50326104461 -1.23185269220 -1.21488572384 -1.44888091023 -1.95315442457 -1.21144436440 -1.00898706547
# log_qflo:
 0.312143283006
# log_b:
0.00000000000
# log_Lo:
3.91202300543
# log_cv_edad:
-2.30258509299
# log_Fref:
 1.00500000000 1.00500000000
