# Number of parameters = 131 Objective function value = 15491.9861392681  Maximum gradient component = 0.00145226702476057
# log_L50:
 1.66051859820804 1.57526517888270
# log_sigma1:
 -1.75526348734478 -0.154023561586781
# log_sigma2:
 9.20000000000000 9.20000000000000
# log_Ro:
2.93014692973
# dev_log_Ro:
 0.119152405642 0.130487980821 0.141348014461 0.152794930943 0.165534580328 0.180073497432 0.194393267212 0.206837770970 0.222884379193 0.244035157661 0.259174490986 0.267029485549 0.284315951467 0.314163833465 0.330755998918 0.343783917301 0.363757241742 0.391324589834 0.391212827928 0.397238977443 0.399896581161 0.417668579638 0.414795330490 0.430518387378 0.456370950512 0.415832546000 0.311941889546 0.217951736843 0.136141028681 0.146005550962 0.260779061420 -0.321701582795 -0.620710595946 -0.255773780601 -1.23865022147 -1.06094049317 -1.01397098663 -1.02288809569 0.435384984783 -1.28088540884 -0.0654205913512 0.180812465960 0.0109121569897 0.0203249343013 0.0102139631235 0.553164027776 -0.213402116419 -0.684505884685 -1.12660693859 0.278105554325 0.438641652632 -0.330011352425 -0.481463226485 -0.356743083103 0.395426010757 0.414527066384 0.129752368798 -0.511000952707 -0.846487613029 -0.172724623606 0.0284214197900
# dev_log_No:
 0.00000000000 0.00000000000 0.00000000000 0.00000000000 0.00000000000 0.00000000000 0.00000000000 0.00000000000 0.00000000000 0.00000000000 0.00000000000 0.00000000000
# log_F:
 -2.72261542088 -2.52366642267 -2.00785577142 -1.79498968869 -1.48493631954 -1.76973844142 -1.70455030724 -1.59886412000 -1.35468901886 -1.25826894159 -1.64415743054 -2.01232813227 -0.897662430238 -1.24359812046 -2.53362945323 -1.98573114114 -0.206956732416 -0.851856616172 -1.10406725875 -1.15927553035 -0.157111131095 -0.837277007698 -0.674373405038 -1.13982692109 0.432762753524 0.313983682464 0.164532160128 0.0660973426811 -0.236873269110 -0.173700085334 -0.828450854425 -0.687460657364 -0.299199707232 -0.464466055117 -0.280123816649 0.118353343377 -0.556039339188 -0.449166874001 -1.11505193529 -1.22730283540 -1.63941670690 -1.34410114498 -0.207013334302 -1.06293071203 -1.13682072783 -1.68244676629 -2.27235840612 -1.26366819121 -1.02423328298 -1.18518553874 -0.700330265513 -0.273269713346 -0.165595577307 -0.200126316055 -0.326282441261 -0.830869508559 -0.960665156455 -0.257900666979 -0.721744317940 -0.434618208579 -0.203606279991
# log_qflo:
 -2.91739015596 -3.63785707829 -3.40052219292 -2.73834375954
# log_b:
0.00000000000
# log_Lo:
3.91202300543
# log_cv_edad:
-2.30258509299
