# Number of parameters = 131 Objective function value = 15492.2382685140  Maximum gradient component = 0.00143034222533467
# log_L50:
 1.65996389335795 1.57543923296263
# log_sigma1:
 -1.76665264984573 -0.155190098052162
# log_sigma2:
 9.20000000000000 9.20000000000000
# log_Ro:
2.97091869155
# dev_log_Ro:
 0.114858811210 0.126358894905 0.137402811997 0.148992367179 0.161778892581 0.176451407165 0.191078471886 0.203938706601 0.220147929763 0.241974926546 0.258301596325 0.267157263199 0.284591598672 0.315724948431 0.333611385079 0.348166425794 0.368893286873 0.399027997724 0.399843058341 0.409141812390 0.413442861338 0.434954049848 0.432909131751 0.452193201223 0.483711853356 0.448267418570 0.339346111344 0.240188647114 0.151229690428 0.153570324304 0.262527068177 -0.314822464432 -0.613495845432 -0.239337991250 -1.22288402906 -1.04437454357 -1.00208949920 -1.02332902736 0.434555705456 -1.28409383422 -0.0749718347573 0.172142479853 0.00870523890812 0.0150426074151 0.00117576150005 0.537664709423 -0.230121511312 -0.701505640734 -1.14150431410 0.259992372547 0.421663728641 -0.344652003123 -0.494897621106 -0.371479827643 0.375950456704 0.392975135170 0.104701524579 -0.531209381133 -0.857894818707 -0.177940564454 0.0262520812783
# dev_log_No:
 0.00000000000 0.00000000000 0.00000000000 0.00000000000 0.00000000000 0.00000000000 0.00000000000 0.00000000000 0.00000000000 0.00000000000 0.00000000000 0.00000000000
# log_F:
 -2.66197141225 -2.45929727007 -1.93836723787 -1.71856362506 -1.39993433706 -1.67895068903 -1.61197837066 -1.50445812379 -1.25631366867 -1.15396737650 -1.53948862962 -1.91474128626 -0.795742284866 -1.13309658773 -2.43343973754 -1.89853836105 -0.0967928414266 -0.715152701652 -0.977789380503 -1.04655698734 -0.0284675699634 -0.703061825265 -0.556310002410 -1.03740678413 0.571966902960 0.495340711656 0.322215084118 0.185364353386 -0.160992136886 -0.133168477399 -0.812888630295 -0.685069261614 -0.304543893485 -0.475171680072 -0.293395038017 0.0997937342986 -0.581702000580 -0.479827702025 -1.14920657198 -1.26112906783 -1.67063801830 -1.37138922092 -0.237954492843 -1.09698684491 -1.17163006703 -1.71600598478 -2.30102129652 -1.28790667541 -1.04581886601 -1.20347336270 -0.715370024232 -0.287450299812 -0.179774372352 -0.215952838834 -0.345022042076 -0.850616473794 -0.978118952504 -0.274490823695 -0.738442509905 -0.450578418125 -0.222452560201
# log_qflo:
 -2.94844853874 -3.66632644163 -3.41713630982 -2.75533760413
# log_b:
0.00000000000
# log_Lo:
3.91202300543
# log_cv_edad:
-2.30258509299
