# Number of parameters = 131 Objective function value = 15492.4188033782  Maximum gradient component = 0.000704499385647705
# log_L50:
 1.65983718220697 1.57561318019686
# log_sigma1:
 -1.76919895577708 -0.156337935594699
# log_sigma2:
 9.20000000000000 9.20000000000000
# log_Ro:
3.01179463221
# dev_log_Ro:
 0.110200420396 0.121797058129 0.132968004833 0.144647756192 0.157421577528 0.172142947860 0.187003910824 0.200238999088 0.216533585839 0.238910032120 0.256408546453 0.266350730527 0.283992640429 0.316388262653 0.335638471005 0.351940939173 0.373651987830 0.406978985016 0.409553305161 0.423558258058 0.424040943493 0.442757945595 0.443105007922 0.466672432644 0.504445544680 0.476009805494 0.363966758678 0.260735872477 0.165470777967 0.161113890352 0.265608418162 -0.306216973440 -0.605050490647 -0.220807557833 -1.20549471607 -1.02591289325 -0.988174715093 -1.02180803502 0.436447848797 -1.28523939596 -0.0815848164344 0.166074165949 0.00863631941132 0.0117420458647 -0.00604727747202 0.524257865325 -0.245127746227 -0.716891586321 -1.15523592948 0.243147262338 0.406118831104 -0.357860591475 -0.506748035168 -0.384683947710 0.358165707711 0.373296255754 0.0817086140344 -0.549738070558 -0.868427739986 -0.182902697663 0.0241044829376
# dev_log_No:
 0.00000000000 0.00000000000 0.00000000000 0.00000000000 0.00000000000 0.00000000000 0.00000000000 0.00000000000 0.00000000000 0.00000000000 0.00000000000 0.00000000000
# log_F:
 -2.60431467954 -2.39792769865 -1.87189198875 -1.64514484027 -1.31781839952 -1.59093694593 -1.52222078887 -1.41285180629 -1.16053437743 -1.05188301671 -1.43708716063 -1.81991322928 -0.696109036946 -1.02427154273 -2.33575418987 -1.81451012476 0.0124810342861 -0.577572790541 -0.852526116945 -0.936602740340 0.0985557752604 -0.572255451717 -0.444825216031 -0.944371608282 0.699997975374 0.663299531140 0.469912809418 0.296755968071 -0.0908152209629 -0.0964352998094 -0.799635849503 -0.684058717159 -0.310759421047 -0.486324539902 -0.307062929498 0.0803906739592 -0.608482533656 -0.511688464012 -1.18455345352 -1.29605060251 -1.70290721860 -1.39968334850 -0.270024358700 -1.13184653883 -1.20708095131 -1.75004413656 -2.33009127480 -1.31250094920 -1.06772585593 -1.22204621793 -0.730677177777 -0.301918659284 -0.194278265705 -0.232155677598 -0.364149389522 -0.870714415071 -0.995888649153 -0.291397141780 -0.755429024848 -0.466786033775 -0.241386300678
# log_qflo:
 -2.98056766715 -3.69522371625 -3.43401045340 -2.77261785499
# log_b:
0.00000000000
# log_Lo:
3.91202300543
# log_cv_edad:
-2.30258509299
