# Number of parameters = 131 Objective function value = 15490.7914678155  Maximum gradient component = 0.00183096178700601
# log_L50:
 1.66075960709665 1.57476558612783
# log_sigma1:
 -1.74921240467899 -0.150317654188626
# log_sigma2:
 9.20000000000000 9.20000000000000
# log_Ro:
2.80646930801
# dev_log_Ro:
 0.125236953496 0.135315837043 0.144925238401 0.155192829203 0.166856946669 0.179840349122 0.192173837618 0.202549343203 0.216733133525 0.234125443432 0.244999281078 0.249889122060 0.265379299928 0.289002831641 0.300547857604 0.308495523379 0.323935037352 0.341963273949 0.339022144760 0.337328318658 0.336489183216 0.346235666247 0.342282024544 0.349581431627 0.362381411806 0.315222187584 0.228934841459 0.152728998724 0.0938259904731 0.128518939591 0.266996673943 -0.330479721322 -0.631348688555 -0.290072344201 -1.27371885941 -1.09625479076 -1.03410173340 -1.00670448328 0.458598129080 -1.25670472840 -0.0150200877529 0.226902396743 0.0340537099943 0.0522243850272 0.0515493791697 0.616642703589 -0.149433527586 -0.620030539890 -1.07226909005 0.343432813227 0.501670201280 -0.274308850258 -0.428105958772 -0.300021096737 0.467695543277 0.494083313391 0.221055586638 -0.437295892963 -0.805943287315 -0.156381980268 0.0335775481609
# dev_log_No:
 0.00000000000 0.00000000000 0.00000000000 0.00000000000 0.00000000000 0.00000000000 0.00000000000 0.00000000000 0.00000000000 0.00000000000 0.00000000000 0.00000000000
# log_F:
 -2.92338626834 -2.73550830946 -2.23487309017 -2.04240939219 -1.75674660184 -2.05727828976 -1.99671061914 -1.89538455812 -1.66067788068 -1.57832388422 -1.96405727923 -2.31274902493 -1.20657825240 -1.57206475783 -2.83464516445 -2.25133025104 -0.524036473849 -1.23039041891 -1.45672213256 -1.47735343273 -0.504876476547 -1.19509163054 -0.990865081259 -1.41575853915 0.0888463398370 -0.121956089018 -0.222888284641 -0.237281919745 -0.438227903684 -0.286880416241 -0.875365345795 -0.696763466691 -0.285527037906 -0.433922356852 -0.242200165562 0.169613139951 -0.484689223102 -0.363410115304 -1.01896457716 -1.13156688458 -1.55129159422 -1.26757145909 -0.120126854166 -0.965445685585 -1.03620635828 -1.58460553759 -2.18876682500 -1.19303146917 -0.961386850148 -1.13202890883 -0.656782851869 -0.232368915103 -0.124878250693 -0.154820367539 -0.272309932227 -0.773623676021 -0.910035233143 -0.209857786147 -0.673137400065 -0.387832581754 -0.146636736000
# log_qflo:
 -2.82980422256 -3.55495566031 -3.35219458228 -2.68880338718
# log_b:
0.00000000000
# log_Lo:
3.91202300543
# log_cv_edad:
-2.30258509299
