# Number of parameters = 131 Objective function value = 15491.2613755045  Maximum gradient component = 0.00249027072659483
# log_L50:
 1.66078820105737 1.57492843883800
# log_sigma1:
 -1.74916648727434 -0.151591118565674
# log_sigma2:
 9.20000000000000 9.20000000000000
# log_Ro:
2.84798613882
# dev_log_Ro:
 0.124629967790 0.135265894075 0.145419544482 0.156221647917 0.168423814956 0.182137887378 0.195323831924 0.206533582780 0.221590330842 0.240525108953 0.252915465777 0.258772404319 0.275132897587 0.301227869883 0.314615054143 0.324303281884 0.341602149059 0.363011744394 0.360923174344 0.361342401680 0.361369497779 0.373400467092 0.369596723635 0.379282236885 0.395723487065 0.349511480823 0.256935238487 0.174405808888 0.107557963110 0.133503917530 0.262836183474 -0.329701242628 -0.629777384421 -0.281345009988 -1.26424690026 -1.08710639397 -1.03023735707 -1.01480228871 0.447047245231 -1.26740796448 -0.0358201281649 0.207811423575 0.0232710632114 0.0385682486392 0.0351266058587 0.592282463375 -0.173354984782 -0.644076536807 -1.09219486039 0.319568601077 0.478373886228 -0.295093254660 -0.448356986923 -0.321288539878 0.440989160683 0.464760402160 0.187586432664 -0.464316865412 -0.820607180830 -0.161886100350 0.0321933880891
# dev_log_No:
 0.00000000000 0.00000000000 0.00000000000 0.00000000000 0.00000000000 0.00000000000 0.00000000000 0.00000000000 0.00000000000 0.00000000000 0.00000000000 0.00000000000
# log_F:
 -2.85303307555 -2.66148795729 -2.15583291829 -1.95664722556 -1.66308178564 -1.95864463768 -1.89666562277 -1.79408022776 -1.55661483907 -1.47016578875 -1.85617672115 -2.21112485135 -1.10282522378 -1.46275752409 -2.73400648970 -2.16197934801 -0.420034010697 -1.10853506024 -1.34279500444 -1.37411837981 -0.394120785925 -1.08193161094 -0.890455750558 -1.32796238833 0.194273871935 0.00941421653345 -0.104855646146 -0.143177060859 -0.374269084012 -0.249815075780 -0.859251876997 -0.693053625320 -0.289551872975 -0.443808323165 -0.254559231642 0.153234938642 -0.507563989835 -0.390989241335 -1.04994883240 -1.16253808087 -1.57975609716 -1.29220878802 -0.148100220871 -0.997161147281 -1.06910120358 -1.61674052191 -2.21622709254 -1.21622921125 -0.982013611488 -1.14945971183 -0.671035567537 -0.245730476416 -0.138150823021 -0.169560783177 -0.289926473614 -0.792373363520 -0.926627249945 -0.225587687402 -0.689100203450 -0.403263998402 -0.165759718299
# log_qflo:
 -2.85808337041 -3.58216846749 -3.36805036488 -2.70508893257
# log_b:
0.00000000000
# log_Lo:
3.91202300543
# log_cv_edad:
-2.30258509299
