# Number of parameters = 131 Objective function value = 15491.6604740584  Maximum gradient component = 0.000618630966585725
# log_L50:
 1.66062026052401 1.57509497228919
# log_sigma1:
 -1.75293174864247 -0.152824952007477
# log_sigma2:
 9.20000000000000 9.20000000000000
# log_Ro:
2.88918612527
# dev_log_Ro:
 0.122491360970 0.133541889667 0.144108338216 0.155297710180 0.167849721101 0.182075772005 0.195919712121 0.207816411099 0.223486612842 0.243674591932 0.257494589973 0.264344046384 0.281288486434 0.309460602817 0.324544123583 0.335939647831 0.354764726857 0.379393981326 0.378280195057 0.381303612560 0.382506589955 0.397180580425 0.393732879728 0.406238590236 0.427040181317 0.382977317140 0.284533999291 0.196082296528 0.121620914610 0.139324088013 0.260831325164 -0.326710928751 -0.626176670122 -0.269834220240 -1.25248980956 -1.07524952534 -1.02342923549 -1.02011283707 0.439442467663 -1.27539051181 -0.0524830617830 0.192588013107 0.0156728414643 0.0280637862570 0.0214485660882 0.571259739364 -0.194568896616 -0.665454075127 -1.11023135845 0.297889028579 0.457465534070 -0.313566500558 -0.466035175374 -0.340094199043 0.417013828407 0.438359551738 0.157277695452 -0.488785313736 -0.834087944675 -0.167357695333 0.0304320115198
# dev_log_No:
 0.00000000000 0.00000000000 0.00000000000 0.00000000000 0.00000000000 0.00000000000 0.00000000000 0.00000000000 0.00000000000 0.00000000000 0.00000000000 0.00000000000
# log_F:
 -2.78621100140 -2.59097345746 -2.08025700623 -1.87426681900 -1.57256919427 -1.86288718462 -1.79936502780 -1.69532418229 -1.45470453077 -1.36357350514 -1.74963007628 -2.11105215074 -0.999934248077 -1.35336988370 -2.63373803478 -2.07349132739 -0.314500663188 -0.982633888653 -1.22546136896 -1.26825690071 -0.278544950541 -0.963061441757 -0.785315284658 -1.23629966098 0.308057934076 0.153527710919 0.0233386302590 -0.0426780697764 -0.307535581105 -0.212331515361 -0.843763805312 -0.690042680147 -0.294160568765 -0.454002723919 -0.267189510733 0.136157052915 -0.531337336764 -0.419564512443 -1.08197235723 -1.19444465031 -1.60912703691 -1.31771306767 -0.177061935758 -1.02965599148 -1.10264228418 -1.64935663437 -2.24409266730 -1.23977549228 -1.00296401410 -1.16718021827 -0.685552099902 -0.259363862100 -0.151722385134 -0.184662904151 -0.307917629551 -0.811455504826 -0.943502685473 -0.241600926848 -0.705299628599 -0.418852525903 -0.184727008326
# log_qflo:
 -2.88727363937 -3.60980365333 -3.38416023086 -2.72159811652
# log_b:
0.00000000000
# log_Lo:
3.91202300543
# log_cv_edad:
-2.30258509299
