# Number of parameters = 131 Objective function value = 15492.5439434263  Maximum gradient component = 0.00141400876359885
# log_L50:
 1.66061363536847 1.57576895805639
# log_sigma1:
 -1.75284434934800 -0.157515011282919
# log_sigma2:
 9.20000000000000 9.20000000000000
# log_Ro:
3.05383831658
# dev_log_Ro:
 0.106478525740 0.118244467490 0.129630582278 0.141515489690 0.154421307964 0.169356264491 0.184651488580 0.198500850274 0.215187695051 0.238493478446 0.257598516396 0.269091204351 0.287717307314 0.322520225002 0.344239644107 0.363700630329 0.388796738267 0.429834874952 0.439201609584 0.465318787358 0.437086062332 0.421666661278 0.429489206356 0.459121399375 0.503624100472 0.483775387641 0.375732385806 0.271987780253 0.173666731199 0.165433637383 0.268637336841 -0.296182747901 -0.597019140121 -0.200931961881 -1.18730637555 -1.00651623838 -0.973220175403 -1.01926435253 0.439857117061 -1.28474392508 -0.0861997016194 0.161479140820 0.00975732134524 0.00930732615212 -0.0123616647880 0.511765192329 -0.259348901876 -0.731736366802 -1.16860766663 0.226519155758 0.390949644233 -0.370568232575 -0.518008896423 -0.397260123331 0.341080303157 0.354591428580 0.0598943026885 -0.567281870614 -0.878372787283 -0.187383028568 0.0223928486320
# dev_log_No:
 0.00000000000 0.00000000000 0.00000000000 0.00000000000 0.00000000000 0.00000000000 0.00000000000 0.00000000000 0.00000000000 0.00000000000 0.00000000000 0.00000000000
# log_F:
 -2.55055372279 -2.34056335096 -1.80958286789 -1.57610298814 -1.24036463970 -1.50807174734 -1.43821336530 -1.32760747477 -1.07173826198 -0.957488861568 -1.34327353614 -1.73444231420 -0.606743777093 -0.927202847089 -2.25076257109 -1.74339012439 0.105547235264 -0.462477377915 -0.753635582873 -0.855784647636 0.184726686296 -0.495989791588 -0.396539738091 -0.922238951807 0.699999674677 0.666084097275 0.490279125432 0.320583665554 -0.0726878102374 -0.0871888868713 -0.799174633252 -0.689269585625 -0.320094966094 -0.498663492905 -0.321252906484 0.0599074656828 -0.636856789597 -0.545181419705 -1.22146458107 -1.33248507661 -1.73661166051 -1.42933200411 -0.303716125641 -1.16759974450 -1.24324054754 -1.78462083181 -2.35962131217 -1.33749728985 -1.08998549193 -1.24092316176 -0.746277941635 -0.316724739176 -0.209179644949 -0.248787494541 -0.383718445458 -0.891238763827 -1.01406742584 -0.308719376557 -0.772828046231 -0.483412237501 -0.260746152013
# log_qflo:
 -3.01413669290 -3.72460825412 -3.45117869187 -2.79031157872
# log_b:
0.00000000000
# log_Lo:
3.91202300543
# log_cv_edad:
-2.30258509299
