# Number of parameters = 131 Objective function value = 15492.6564236944  Maximum gradient component = 0.000964472479119325
# log_L50:
 1.65908869022388 1.57607753417657
# log_sigma1:
 -1.78233489520121 -0.159826360974837
# log_sigma2:
 9.20000000000000 9.20000000000000
# log_Ro:
3.13829614132
# dev_log_Ro:
 0.0966800188691 0.108388970335 0.119839113192 0.131777963837 0.144575519726 0.159454484033 0.175116538848 0.189759170411 0.206676588125 0.230934691385 0.252592420492 0.266938753752 0.287084381472 0.325642744136 0.351456341353 0.376628059671 0.407070188140 0.463139715119 0.488693197037 0.547653823036 0.458875550868 0.382849427759 0.402855325305 0.442957377563 0.499893265050 0.498209223576 0.399912992236 0.296083424999 0.192056514609 0.176586135706 0.278798704868 -0.271902636936 -0.576730439656 -0.155632592010 -1.14657262748 -0.962670287313 -0.937998054085 -1.00891731037 0.453610600019 -1.27885934223 -0.0882496403530 0.158617097625 0.0170961848385 0.00909301563277 -0.0207228229038 0.491640924836 -0.283872144560 -0.757757379073 -1.19269273403 0.196172574560 0.363968973479 -0.392619985545 -0.536830071991 -0.418868220704 0.310818595552 0.321518893611 0.0210246942279 -0.598490782613 -0.896304018295 -0.195891606715 0.0188405169789
# dev_log_No:
 0.00000000000 0.00000000000 0.00000000000 0.00000000000 0.00000000000 0.00000000000 0.00000000000 0.00000000000 0.00000000000 0.00000000000 0.00000000000 0.00000000000
# log_F:
 -2.45051788425 -2.23342990870 -1.69271644600 -1.44594046992 -1.09314380701 -1.34952396174 -1.27717499933 -1.16364623959 -0.899598289429 -0.772490847350 -1.15910985883 -1.56788958076 -0.430087685964 -0.732399169778 -2.08194727082 -1.60348744447 0.298961324656 -0.217953532917 -0.546247119279 -0.687886570959 0.369748706841 -0.331928062297 -0.292770062806 -0.875986642063 0.699999870050 0.672394830385 0.529514904901 0.367283433759 -0.0360146258180 -0.0675917682859 -0.797497106061 -0.699558675347 -0.339064430818 -0.523949166370 -0.351024208817 0.0161983752727 -0.696965197350 -0.615814668867 -1.29884869877 -1.40855394645 -1.80707562357 -1.49160947699 -0.374156301740 -1.24157717186 -1.31751280164 -1.85524782305 -2.41994650026 -1.38860784887 -1.13551579285 -1.27958234842 -0.778344747235 -0.347279335191 -0.240052137883 -0.283272436648 -0.424107167443 -0.933425751241 -1.05146614574 -0.344407717767 -0.808600262953 -0.517545815403 -0.299982178580
# log_qflo:
 -3.08438681543 -3.78470588824 -3.48635572181 -2.82667642946
# log_b:
0.00000000000
# log_Lo:
3.91202300543
# log_cv_edad:
-2.30258509299
