# Number of parameters = 131 Objective function value = 15492.6224178809  Maximum gradient component = 0.00247130059060019
# log_L50:
 1.66060087546598 1.57592378922713
# log_sigma1:
 -1.75235983477856 -0.158677129097076
# log_sigma2:
 9.20000000000000 9.20000000000000
# log_Ro:
3.09599271627
# dev_log_Ro:
 0.101908682380 0.113708108961 0.125184226869 0.137151626546 0.150059147258 0.165039038917 0.180595809264 0.194911936435 0.211797556205 0.235723399084 0.256220812115 0.269192455397 0.288644422229 0.325482744192 0.349394777109 0.371832348879 0.399871982240 0.448573415769 0.465666663473 0.506674444157 0.448699152989 0.401756284720 0.416088152864 0.451225332089 0.502132375895 0.491221585756 0.387743003212 0.283788373713 0.182545278928 0.170611998424 0.273066297191 -0.284718967196 -0.587564336018 -0.179179932234 -1.16763989546 -0.985404646234 -0.956458303574 -1.01493304790 0.445632861135 -1.28257503198 -0.0883564075868 0.159057782919 0.0126311080660 0.00848046200990 -0.0172059488288 0.500953857896 -0.272213593907 -0.745308736572 -1.18105993242 0.210900732613 0.376941765655 -0.382114807034 -0.527990741491 -0.408610879888 0.325347468964 0.337385107004 0.0397234995936 -0.583488462738 -0.887647885592 -0.191718627122 0.0206241046610
# dev_log_No:
 0.00000000000 0.00000000000 0.00000000000 0.00000000000 0.00000000000 0.00000000000 0.00000000000 0.00000000000 0.00000000000 0.00000000000 0.00000000000 0.00000000000
# log_F:
 -2.49933617370 -2.28577574716 -1.74989776107 -1.50973374296 -1.16549516026 -1.42761173733 -1.35653408512 -1.24453360420 -0.984745761422 -0.864335364943 -1.25057644588 -1.65038613957 -0.518024146485 -0.829859373250 -2.16609105688 -1.67298429124 0.200998589473 -0.342642289235 -0.651500155198 -0.772805449584 0.275100840094 -0.415896070916 -0.345916820608 -0.899474585752 0.699999817081 0.669081187470 0.510092549163 0.344056986385 -0.0544503287120 -0.0776088286647 -0.798493198019 -0.694452471579 -0.329533277120 -0.511196921932 -0.335892446863 0.0385241466198 -0.666337173941 -0.579878984715 -1.25955539280 -1.36998059070 -1.77132968980 -1.45996900006 -0.338427663112 -1.20417432064 -1.28005050708 -1.81968761331 -2.38957141934 -1.36286424017 -1.11258037062 -1.26009991333 -0.762164538499 -0.331841491344 -0.224433376245 -0.265822490693 -0.403700628193 -0.912138707277 -1.03258882102 -0.326385105396 -0.790546343765 -0.500324686853 -0.280263256392
# log_qflo:
 -3.04873704262 -3.75443394914 -3.46862454260 -2.80832511597
# log_b:
0.00000000000
# log_Lo:
3.91202300543
# log_cv_edad:
-2.30258509299
