# Number of parameters = 131 Objective function value = 15490.2571698736  Maximum gradient component = 0.00213403557098094
# log_L50:
 1.66092120102932 1.57460655101940
# log_sigma1:
 -1.74533572924695 -0.148998661452083
# log_sigma2:
 9.20000000000000 9.20000000000000
# log_Ro:
2.76452204337
# dev_log_Ro:
 0.123861598645 0.133227551354 0.142146768805 0.151713361685 0.162626814945 0.174641255414 0.185916198490 0.195304316818 0.208340152353 0.223911506852 0.233205234879 0.237166621833 0.251464648493 0.272259543260 0.281870450677 0.288098914754 0.301418294576 0.316043439612 0.312451568169 0.309197771776 0.307801057138 0.315572921328 0.311678962565 0.317047456683 0.326915310575 0.279855279493 0.200279186429 0.130820478469 0.0802648322594 0.124328291081 0.273577273297 -0.328802203975 -0.630667706334 -0.295708700943 -1.28064546422 -1.10236147864 -1.03464358247 -0.995507903596 0.474593430983 -1.24301377561 0.0104184851058 0.250375109320 0.0484454069392 0.0695152156198 0.0710825037155 0.644850802570 -0.122404868312 -0.592887247887 -1.05017037894 0.369849082286 0.527739894453 -0.250857623909 -0.404875882641 -0.275912037783 0.497561897843 0.526763428191 0.258146097721 -0.407356254354 -0.789981787511 -0.150955743591 0.0344042232576
# dev_log_No:
 0.00000000000 0.00000000000 0.00000000000 0.00000000000 0.00000000000 0.00000000000 0.00000000000 0.00000000000 0.00000000000 0.00000000000 0.00000000000 0.00000000000
# log_F:
 -2.99761136016 -2.81336825756 -2.31770139401 -2.13186498229 -1.85386719981 -2.15908348609 -2.09978309876 -1.99951023904 -1.76716749721 -1.68833564177 -2.07353986239 -2.41613726259 -1.31143496613 -1.68158351400 -2.93586256198 -2.34168119975 -0.626920232601 -1.34890425457 -1.56781305213 -1.57840756645 -0.611679272682 -1.30357155979 -1.08748008716 -1.50053290153 -0.0101963195832 -0.243469868903 -0.333117419695 -0.326649619965 -0.500499157546 -0.324275285358 -0.892608423865 -0.701493757670 -0.282281108067 -0.424402243426 -0.230078662739 0.185313683306 -0.462685057525 -0.336796841089 -0.989005917735 -1.10151529024 -1.52372241231 -1.24378396102 -0.0931387974296 -0.934511419858 -1.00397045172 -1.55296215040 -2.16172026063 -1.17018663333 -0.941091665004 -1.11489629242 -0.642799187063 -0.219280994430 -0.111904179385 -0.140445389775 -0.255072090546 -0.755209706887 -0.893724386777 -0.194409561476 -0.657402619657 -0.372535449089 -0.127274925273
# log_qflo:
 -2.80242193928 -3.52817225631 -3.33659783302 -2.67272784303
# log_b:
0.00000000000
# log_Lo:
3.91202300543
# log_cv_edad:
-2.30258509299
