# Number of parameters = 130 Objective function value = 15632.7873317838  Maximum gradient component = 0.00787543533728652
# log_L50:
 1.61626923478477 1.11535018851238
# log_sigma1:
 -3.62063236749449 -3.46694590355656
# log_sigma2:
 9.20000000000000 9.20000000000000
# log_Ro:
4.10000000000
# dev_log_Ro:
 0.715266761254 0.699871522302 0.682094483588 0.660351894125 0.634082098695 0.603236375956 0.567762099200 0.527974723115 0.481949445726 0.429698805174 0.374651990138 0.317104267289 0.248935502616 0.173416068773 0.100152630699 0.0257605479948 -0.0552970103235 -0.139934075223 -0.218359145252 -0.295693216164 -0.380787604572 -0.476831252155 -0.562866041861 -0.647938552452 -0.729704511274 -0.818070720096 -0.886055061058 -0.930971507373 -0.940833442671 -0.871985658653 -0.675671759741 -0.565757398158 -1.03049177137 -0.487292160241 -1.24115214385 -1.11111003146 -1.06344213501 -1.05156718768 0.335399899877 -0.888002067331 -0.284924200530 -0.0112089341180 -0.0915349184923 0.0632770424069 -0.298561736931 0.284445330639 -0.0224806068668 -0.839163428285 -0.664992358950 0.202118370140 1.14688290158 0.356933050875 0.536178492814 0.790885262940 1.25739949410 1.78716456313 1.15147298096 1.17108999747 0.355851011060 0.800636511681 0.800636511803
# dev_log_No:
 0.00000000000 0.00000000000 0.00000000000 0.00000000000 0.00000000000 0.00000000000 0.00000000000 0.00000000000 0.00000000000 0.00000000000 0.00000000000 0.00000000000
# log_F:
 -3.36674042471 -3.20063721857 -2.73239155675 -2.58584471518 -2.43547411785 -2.93313155359 -3.02235095531 -3.04373635808 -2.91986544882 -2.93982240889 -3.38380313407 -3.73229058645 -2.66836104514 -3.09444585603 -4.30651540229 -3.63299268140 -1.99449905343 -2.82672685162 -2.99617613488 -2.92831678666 -1.98132334832 -2.68408774574 -2.37593697411 -2.68341350436 -1.26456428917 -1.68433963507 -1.74367211801 -1.63814385029 -1.65114418728 -1.31131291961 -1.69518901134 -1.31898484804 -0.810773717363 -0.889693000097 -0.613792033508 -0.346209656213 -1.29896705221 -1.34858871452 -2.08009337767 -2.28783081428 -2.72771884312 -2.45489953510 -1.51873908823 -2.47008259600 -2.58161079836 -3.11532877817 -3.66053102736 -2.62001427319 -2.43905884402 -2.65520121582 -2.32242186034 -2.27559596524 -2.48758015315 -2.77983778690 -3.14690538564 -3.88190659985 -4.07903769897 -3.48315024208 -4.09801589688 -3.92032300939 -4.05768818070
# log_qflo:
 -4.00232394803 -5.05227177512 -4.96007821192 -5.74785802645
# log_b:
0.00000000000
# log_Lo:
3.91202300543
# log_cv_edad:
-2.30258509299
