# Number of parameters = 130 Objective function value = 15534.1726960356  Maximum gradient component = 0.00573626374090002
# log_L50:
 1.66192768191763 1.59612416791331
# log_sigma1:
 -1.73249144299746 -0.113528934104958
# log_sigma2:
 9.20000000000000 9.20000000000000
# log_Ro:
2.70000000000
# dev_log_Ro:
 -0.183025659897 -0.131367480793 0.854955649008 -0.369850577660 2.24306350795 -0.513571907640 -0.492221968975 -0.444154384266 -0.411243226978 -0.428830832655 -0.440728111654 1.72712533793 -0.509570349501 2.46754558927 -0.544940262268 -0.523518690623 -0.482804540285 -0.448531641168 -0.451645149329 1.79831099431 -0.550341400989 3.16962872607 -0.618236755180 -0.598197793563 -0.565929846884 -0.544047726300 -0.520266515768 -0.495421904103 -0.464712138188 -0.408141716153 1.22229880053 -0.278076928977 -0.197638362552 0.355375655358 -0.944919044658 -0.546852161149 -0.505403872809 -0.909211824636 0.924878464608 -1.33804397401 0.292574693961 0.600234760495 0.293907597091 0.548106514158 0.148750786742 1.05221454540 -0.122061042135 -0.250307599514 -1.06550538242 0.627851189170 0.799550494603 -0.0781771147435 -0.127027850746 -0.132534466247 0.708439920614 0.616129556129 0.326818826346 -0.478531263430 -1.12493456513 -0.816060415736 -0.721175160015
# dev_log_No:
 0.00000000000 0.00000000000 0.00000000000 0.00000000000 0.00000000000 0.00000000000 0.00000000000 0.00000000000 0.00000000000 0.00000000000 0.00000000000 0.00000000000
# log_F:
 -1.89727404263 -1.61563012984 -0.969446172735 -0.538657421332 0.229369967053 0.699999675656 0.551309909473 0.699999946682 -0.457326653343 -1.24071006284 -1.40080141800 -1.50794655486 0.0690145914509 0.699999786277 0.0136088225151 -0.751885895286 0.699999961916 -0.752171003026 -1.80286499731 -1.58535449635 -0.275819776355 -0.434722030175 0.699999773650 -0.432035066060 0.699999971339 -1.10274620604 -2.24461635779 -2.10488167385 -2.04828607162 -1.62182919222 -1.88089181712 -1.35833828598 -0.659052249031 -0.420646045031 -0.170745479996 -0.0909230105271 -0.682389206031 -0.610799361063 -1.31215448273 -1.37902263094 -1.77448145211 -1.43750825005 -0.327668558802 -1.20627932686 -1.29287579203 -1.82667955776 -2.39556120037 -1.36489466442 -1.12140905729 -1.27939574034 -0.763848627478 -0.312895007395 -0.181361888629 -0.248221159098 -0.390707374825 -0.879888695544 -0.980862967985 -0.269229079537 -0.718334465072 -0.394002932284 -0.0463037975123
# log_qflo:
 -3.05269585372 -3.75540900480 -3.46891301895 -2.73083979993
# log_b:
0.00000000000
# log_Lo:
3.91202300543
# log_cv_edad:
-2.30258509299
