# Number of parameters = 130 Objective function value = 15618.5572650714  Maximum gradient component = 1.74483032748766e-05
# log_L50:
 1.78531087505454 1.66859093090822
# log_sigma1:
 -0.415562681387748 0.0517552286937486
# log_sigma2:
 9.20000000000000 9.20000000000000
# log_Ro:
2.10000000000
# dev_log_Ro:
 4.06956175994 -0.897262614053 -0.891808832628 -0.882210081180 -0.873399235777 -0.863163667846 -0.851994686639 -0.841184648650 -0.826308186873 -0.802574434859 -0.774681844945 2.15590805149 -0.818976611786 3.85100322176 -0.882715796577 -0.875918234516 -0.864408637924 -0.853674754660 -0.842718812800 -0.832453126016 -0.860763724312 4.16402468071 -0.891143983130 -0.884172884047 -0.875066338011 -0.860292891785 -0.833438221635 -0.789027296039 -0.707392806695 -0.570402952447 -0.332737360034 1.58494242634 -0.902816957956 1.07889191610 -0.744255717557 0.0204123589203 0.0533694980959 -0.862780918433 1.42580879071 -1.13819137474 0.715664855094 1.33747671981 -0.150066105860 1.50951770165 -0.540974100216 1.84419883020 -0.555635961543 0.613214902678 -0.985033423266 1.17538718385 1.41926195069 0.174359163919 0.614343110982 0.104326831755 1.32567062640 1.01304697251 0.902357959511 -0.218948004756 -1.04793385506 -0.998415204165 -0.927805223682
# dev_log_No:
 0.00000000000 0.00000000000 0.00000000000 0.00000000000 0.00000000000 0.00000000000 0.00000000000 0.00000000000 0.00000000000 0.00000000000 0.00000000000 0.00000000000
# log_F:
 -1.24770906835 -0.808647947757 0.230236088480 0.699999991736 -1.61450139237 -2.93192135707 -2.78439099366 -2.55461491529 -2.15878721438 -1.87546674751 -2.00132877583 -2.04291050610 -0.501556716295 -0.0793956787121 -0.615613520016 -0.763751709890 0.699999985486 -1.57369202307 -2.69511151080 -2.53133198812 -1.43154402132 -1.92026072211 -1.37097386775 -1.37811764386 0.699999977685 -1.57841670015 -2.69571994080 -2.57617330220 -2.53865839730 -2.13553399381 -2.41039572596 -1.89465352320 -1.24694243404 -1.09480618198 -0.353966306376 0.175085134710 -0.844867709813 -0.626137786892 -1.35692391819 -1.38956497552 -1.78431403919 -1.42974258345 -0.291022985075 -1.06446909287 -1.16024664073 -1.70285459996 -2.26444123426 -1.28944765248 -1.00691893048 -1.22756333355 -0.689056100596 -0.250724098906 -0.0277265263154 -0.110445051925 -0.281745289338 -0.757943984555 -0.868320821885 -0.114288688720 -0.576538230224 -0.244083616426 0.159105469349
# log_qflo:
 -3.05612752826 -3.63677975505 -3.40148331543 -2.58525978262
# log_b:
0.00000000000
# log_Lo:
3.91202300543
# log_cv_edad:
-2.30258509299
