# Number of parameters = 130 Objective function value = 15586.4275746804  Maximum gradient component = 0.00360785269835808
# log_L50:
 1.66256748807021 1.65278029095846
# log_sigma1:
 -1.71346462207609 0.0179410914941184
# log_sigma2:
 9.20000000000000 9.20000000000000
# log_Ro:
2.30000000000
# dev_log_Ro:
 2.20593908705 -0.741518963752 -0.727604562576 -0.770100968513 2.81506184457 -0.808718235188 -0.796030983738 -0.776268354859 -0.760356580686 -0.740456453647 -0.737712158500 2.18659771926 -0.814596086536 3.71260446292 -0.864250335511 -0.855142316059 -0.839625941286 -0.825562436053 -0.811289318019 -0.798082724128 -0.833845115354 3.67747165052 -0.862556500241 -0.852187161078 -0.837998264216 -0.827180018219 -0.815099715814 -0.802604731436 -0.787297937386 -0.759211998283 1.77474816634 -0.399681381336 0.199069482164 0.753654652126 -0.784051962392 -0.198709334839 -0.142221707226 -0.819322119251 1.27018505247 -1.29029681539 0.558187630662 1.10720955641 0.0176958070940 1.24864731942 -0.372636549801 1.62397958602 -0.480434252368 0.371277424198 -1.04194605354 0.991682928197 1.20940687203 0.102683043579 0.355946979237 0.0469992877270 1.10823402878 0.884224451761 0.698217329937 -0.313026736257 -1.11057083652 -1.00146645779 -0.920062294668
# dev_log_No:
 0.00000000000 0.00000000000 0.00000000000 0.00000000000 0.00000000000 0.00000000000 0.00000000000 0.00000000000 0.00000000000 0.00000000000 0.00000000000 0.00000000000
# log_F:
 -1.46990094749 -1.10173161157 -0.275258039321 0.699999989699 0.0816431177429 -0.911980067691 -0.408438885200 0.699999932720 -0.640429084783 -1.48419196932 -1.64267596791 -1.71652320656 -0.115325643030 0.654021701448 0.699999501417 -0.674467672658 0.699999977349 -1.56421895463 -2.76412094187 -2.60696795481 -1.52164771658 -2.03127966508 -1.50836433383 -1.55501494602 0.699999970871 -1.25045538335 -2.40924710024 -2.27001561319 -2.21054312275 -1.77740482671 -2.01907647624 -1.46316168240 -0.711633473625 -0.341601635090 -0.118310981043 -0.136531189351 -0.641745639125 -0.591599481585 -1.29067638136 -1.32806389411 -1.72470541595 -1.37482473534 -0.255545109228 -1.09201931315 -1.18846050491 -1.72802765002 -2.29649439050 -1.30603045768 -1.03256956224 -1.24291711838 -0.705805080385 -0.265904854412 -0.0621392258096 -0.142065497061 -0.308260920129 -0.787249044593 -0.893367993975 -0.149525362411 -0.608681505945 -0.280660008242 0.111822104168
# log_qflo:
 -2.99493229572 -3.66273335942 -3.41823536390 -2.61911941091
# log_b:
0.00000000000
# log_Lo:
3.91202300543
# log_cv_edad:
-2.30258509299
