# Number of parameters = 130 Objective function value = 15608.4995858150  Maximum gradient component = 0.00330457867544004
# log_L50:
 1.65532947646043 1.49067779921630
# log_sigma1:
 -1.83492708641719 -0.363834460536131
# log_sigma2:
 9.20000000000000 9.20000000000000
# log_Ro:
3.90000000000
# dev_log_Ro:
 1.87250312311 1.83523983557 1.78980075508 1.73073425279 1.66233910426 1.58622226539 1.50274940077 1.41251768014 1.31365174304 1.20815067942 1.09885734065 0.985661379369 0.860676044141 0.732765670406 0.606427202131 0.479391518637 0.345565373163 0.212071626604 0.0828213009017 -0.0435303090187 -0.182857591576 -0.324827747142 -0.456553846686 -0.584427407383 -0.706784226590 -0.825886459068 -0.920553737421 -0.989562863267 -1.02736042761 -1.00384844036 -0.884555550752 -0.764326497874 -1.04564544039 -0.817351238523 -1.43567307086 -1.38887141624 -1.34611525552 -1.16847882617 -0.107925175843 -1.19888659991 -0.601117097700 -0.349982566730 -0.418384031350 -0.544823654940 -0.467947567939 -0.211688353207 -0.665125723127 -1.29730807685 -1.40726383427 -0.339346730191 -0.156455968659 -0.657693156440 -0.775626630830 -0.523595825121 0.0928715586328 0.313383530129 0.116716047362 -0.113195237694 0.124366847768 1.68322963088 2.10486267289
# dev_log_No:
 0.00000000000 0.00000000000 0.00000000000 0.00000000000 0.00000000000 0.00000000000 0.00000000000 0.00000000000 0.00000000000 0.00000000000 0.00000000000 0.00000000000
# log_F:
 -3.14776124697 -2.97364303882 -2.49470391976 -2.33453855663 -2.39949613590 -3.29864760932 -3.59193212700 -3.73206085875 -3.68404686936 -3.75280322716 -4.22046549432 -4.57119060821 -3.50916682288 -3.93287963503 -5.11950269705 -4.41103384391 -2.76426039687 -3.59087640256 -3.72540159309 -3.61807343493 -2.64766333720 -3.32747453088 -2.97909993436 -3.24423823905 -1.80891025042 -2.23415732138 -2.26135681467 -2.11436929819 -2.08025147601 -1.69193681710 -2.02415639954 -1.57761035083 -1.00365898088 -1.00114357461 -0.563197644723 -0.0390322476229 -0.871387553588 -0.818746995651 -1.49058018729 -1.66129041093 -2.07766323892 -1.79445826231 -0.687444930143 -1.57700979662 -1.64842567238 -2.17020359090 -2.70234288247 -1.64776309770 -1.37590166801 -1.50267037769 -1.02695918069 -0.711830185308 -0.723042209178 -0.784590440866 -1.01339319620 -1.65388555584 -1.84623223093 -1.23222802366 -1.83043199941 -1.70354747827 -1.86202710111
# log_qflo:
 -3.35407839644 -4.08292260649 -3.74494423488 -3.67085963008
# log_b:
0.00000000000
# log_Lo:
3.91202300543
# log_cv_edad:
-2.30258509299
