# Number of parameters = 130 Objective function value = 15534.5095550611  Maximum gradient component = 7.08408422748370e-06
# log_L50:
 1.65688401408073 1.54648534596543
# log_sigma1:
 -1.81669009423273 -0.236713564686434
# log_sigma2:
 9.20000000000000 9.20000000000000
# log_Ro:
3.60000000000
# dev_log_Ro:
 1.21031710385 1.19703785273 1.18144738977 1.16131291811 1.13634867491 1.10661423958 1.07219276599 1.03328722838 0.987448338491 0.935599133842 0.880756008684 0.822571173831 0.751862193680 0.675715182510 0.600428110965 0.523425289284 0.437848512623 0.350590894173 0.267060993252 0.185441478343 0.0911501595449 -0.0101348466505 -0.103489561299 -0.195856096921 -0.284724500887 -0.380708914698 -0.457189367060 -0.512919152127 -0.538999834818 -0.502289398857 -0.390435242230 -0.518037051369 -0.856023259596 -0.561816879467 -1.30048415899 -1.23101652564 -1.20465589727 -1.09125159902 0.0747211810312 -1.21604056995 -0.403242021493 -0.169747733780 -0.251188841355 -0.351306551857 -0.275474529485 0.0472496449909 -0.535991913118 -1.09921939665 -1.34581199832 -0.164150267245 -0.0175714998777 -0.639834456191 -0.812056186895 -0.619038819900 0.0358216264107 0.146116962174 -0.0963245043101 -0.492756905281 -0.411710495749 0.841254291495 1.28787962971
# dev_log_No:
 0.00000000000 0.00000000000 0.00000000000 0.00000000000 0.00000000000 0.00000000000 0.00000000000 0.00000000000 0.00000000000 0.00000000000 0.00000000000 0.00000000000
# log_F:
 -2.83888211246 -2.64976010358 -2.15019321561 -1.96270828657 -1.84078787363 -2.50915092132 -2.71248631563 -2.80974090275 -2.73918358815 -2.79847377707 -3.27386843989 -3.64796908225 -2.60281283069 -3.04315950260 -4.26787723984 -3.60455171132 -1.97273716584 -2.81033830938 -2.98482953518 -2.92086415281 -1.97645881893 -2.68110753585 -2.37405948864 -2.68191703315 -1.26198451806 -1.68019862308 -1.73689391993 -1.62742100640 -1.63529948762 -1.28821795304 -1.66492177714 -1.27911067586 -0.751633673108 -0.798714504191 -0.452889419722 0.00608326757592 -0.789501066243 -0.720002274432 -1.39091340206 -1.53744121450 -1.94217237048 -1.64409018705 -0.520738090023 -1.38337649315 -1.45183145502 -1.98345842331 -2.53293268515 -1.48791049437 -1.21761013078 -1.34599842377 -0.849811938323 -0.454974352928 -0.384531645942 -0.412135235104 -0.569059927049 -1.12110202668 -1.26477005479 -0.582538129254 -1.09699270818 -0.884692571735 -0.881051228177
# log_qflo:
 -3.21681149109 -3.90393207686 -3.56879574146 -3.08475438671
# log_b:
0.00000000000
# log_Lo:
3.91202300543
# log_cv_edad:
-2.30258509299
