# Number of parameters = 130 Objective function value = 15501.3575888157  Maximum gradient component = 7.78641898868620e-06
# log_L50:
 1.64061248708150 1.58582412027086
# log_sigma1:
 -2.26101455212859 -0.137850747268268
# log_sigma2:
 9.20000000000000 9.20000000000000
# log_Ro:
3.00000000000
# dev_log_Ro:
 -0.133997488263 -0.0750038773643 -0.0164310122124 0.0418933800227 0.0939981213979 0.147111405683 0.211212351231 0.289293227735 0.321047858574 0.147881619134 0.0714435515637 1.19964477630 0.168632567848 0.201170667055 0.131095582129 1.15447720388 0.206313798512 0.403265894654 0.182432880565 -0.123039616908 2.73814797945 -0.263017640280 -0.238776289081 -0.157546951546 -0.0791308500698 -0.0222801781491 0.0202168057265 0.0377507667167 0.0329073029581 0.0932654885252 0.641243334611 -0.240254882835 -0.454866478098 0.0580017796441 -1.07924395948 -0.800623251396 -0.772135425822 -0.992968287241 0.643602696682 -1.34678080086 0.0570215615034 0.318227334064 0.129141565584 0.200463910056 0.0511378636247 0.698922904148 -0.221930153610 -0.589821657052 -1.16864981620 0.347480695348 0.520034513902 -0.291099840659 -0.397697125026 -0.330363766974 0.444475713754 0.408332148747 0.103719816363 -0.607272412037 -1.07806226084 -0.588845879574 -0.445169166100
# dev_log_No:
 0.00000000000 0.00000000000 0.00000000000 0.00000000000 0.00000000000 0.00000000000 0.00000000000 0.00000000000 0.00000000000 0.00000000000 0.00000000000 0.00000000000
# log_F:
 -2.21473245807 -1.97532743152 -1.40073881301 -1.10120508482 -0.641814884556 -0.739287683654 -0.541930829433 -0.307864922837 0.124020370208 0.487806836461 0.125542066897 -0.516143366578 0.699965850641 0.699999800917 -0.769320172259 -0.946939265948 0.698910739698 0.699999667829 0.699999583148 -0.0696906022682 0.699998353387 0.338001194996 0.699999744309 0.699999914833 -0.221554204300 -1.69231679479 -1.70264397437 -1.52389659194 -1.46178919724 -1.05256999261 -1.38506736924 -0.995447275098 -0.454306192098 -0.479381394590 -0.297083297834 -0.0353569741538 -0.707638376009 -0.629331212700 -1.32453341370 -1.41321200324 -1.80768491320 -1.47900758768 -0.368594013583 -1.24315184601 -1.32356234363 -1.85936800619 -2.42283651571 -1.38947476137 -1.14036679738 -1.28817559166 -0.779428454622 -0.336072384597 -0.217781224672 -0.273350025771 -0.415784677500 -0.914272565435 -1.02173964892 -0.311260550127 -0.765444199022 -0.453656612144 -0.164504990017
# log_qflo:
 -3.08598848433 -3.78511493232 -3.48575927901 -2.78227837333
# log_b:
0.00000000000
# log_Lo:
3.91202300543
# log_cv_edad:
-2.30258509299
