# Number of parameters = 130 Objective function value = 15554.8989901537  Maximum gradient component = 0.00222561245368035
# log_L50:
 1.65581803407403 1.53675142837824
# log_sigma1:
 -1.83961461385599 -0.261547511447884
# log_sigma2:
 9.20000000000000 9.20000000000000
# log_Ro:
3.70000000000
# dev_log_Ro:
 1.47396469983 1.45425325900 1.43053950042 1.39951128781 1.36164749688 1.31743035440 1.26701772434 1.21071478385 1.14614254504 1.07472684182 0.999483292632 0.920119903414 0.827666999711 0.730549728119 0.634335737752 0.536573171301 0.430518239897 0.323633896072 0.220527675352 0.119763167971 0.00538563263165 -0.114094525898 -0.224671134649 -0.333148142431 -0.437406911383 -0.543892431326 -0.628139808176 -0.689042007477 -0.718978037274 -0.686675132287 -0.570858167960 -0.602128713157 -0.923807431745 -0.661670147715 -1.35344242997 -1.29631113582 -1.26501658765 -1.12131528937 -0.00648880832200 -1.22233022025 -0.473927585984 -0.241049859093 -0.315399410283 -0.428066999202 -0.340925895250 -0.0460703060660 -0.595309205690 -1.16910534658 -1.38420787839 -0.237176352812 -0.0961262133700 -0.685508189803 -0.854114294097 -0.645731075237 -0.000830426247005 0.135643773264 -0.0855067632619 -0.432232072022 -0.277437483520 1.09821824893 1.58977445933
# dev_log_No:
 0.00000000000 0.00000000000 0.00000000000 0.00000000000 0.00000000000 0.00000000000 0.00000000000 0.00000000000 0.00000000000 0.00000000000 0.00000000000 0.00000000000
# log_F:
 -2.94153603267 -2.75795071930 -2.26608943729 -2.08896301227 -2.03192975247 -2.79531552232 -3.04110185273 -3.16131100831 -3.10520028857 -3.17340518855 -3.64961475399 -4.01688735675 -2.96843647933 -3.40575457578 -4.61644026541 -3.93547293341 -2.30141979957 -3.13838167909 -3.29717827019 -3.21556816201 -2.26223950129 -2.95794631462 -2.63352107480 -2.92299148812 -1.49879773645 -1.92254800425 -1.96640944497 -1.83983520527 -1.82795126606 -1.46146413492 -1.81635239980 -1.40202458153 -0.852723263012 -0.875265250677 -0.487241485379 0.00308889170482 -0.803993894701 -0.737243744159 -1.40607836798 -1.55971490123 -1.96745983387 -1.67420462162 -0.549246971324 -1.41497053334 -1.48267999862 -2.01282434822 -2.55917011142 -1.51173243350 -1.23903291280 -1.36558238789 -0.872135012533 -0.489570008347 -0.432332191613 -0.459377588649 -0.624799260322 -1.19226073755 -1.34583075339 -0.676369662674 -1.20999036118 -1.02260864263 -1.07036327811
# log_qflo:
 -3.24183636055 -3.93203740682 -3.59285020632 -3.17622290432
# log_b:
0.00000000000
# log_Lo:
3.91202300543
# log_cv_edad:
-2.30258509299
