# Number of parameters = 130 Objective function value = 15492.7870022967  Maximum gradient component = 0.00224839088823598
# log_L50:
 1.65971755592846 1.57444896630814
# log_sigma1:
 -1.76700197439535 -0.165337211613449
# log_sigma2:
 9.20000000000000 9.20000000000000
# log_Ro:
3.20000000000
# dev_log_Ro:
 0.160010565232 0.167235302841 0.174389139119 0.181993235275 0.190316025624 0.200081910975 0.210596507282 0.220875913034 0.232939177656 0.249453722575 0.264651157582 0.276121147223 0.291786885277 0.318275260093 0.338307032175 0.358061905281 0.381742388957 0.419236399558 0.441378741153 0.478296433984 0.428419840662 0.378695056872 0.395823314854 0.426538159587 0.470955054492 0.465049131573 0.384623952080 0.290016410581 0.190817884076 0.171011526908 0.253109425382 -0.262779891042 -0.574505540322 -0.151503812968 -1.12368507523 -0.950958387204 -0.931405274458 -0.995819039288 0.442307729561 -1.25454826756 -0.101326450483 0.143386574113 0.0129243778789 -0.00889649658169 -0.0294321827768 0.458574017912 -0.300278534224 -0.786758981088 -1.20169455591 0.165029621904 0.333575252551 -0.411197100830 -0.558431838843 -0.434990897084 0.283192557841 0.299735522875 -0.00180456389936 -0.601053340537 -0.862729229883 -0.118821741019 0.113086938633
# dev_log_No:
 0.00000000000 0.00000000000 0.00000000000 0.00000000000 0.00000000000 0.00000000000 0.00000000000 0.00000000000 0.00000000000 0.00000000000 0.00000000000 0.00000000000
# log_F:
 -2.42414344016 -2.20537122509 -1.66259661120 -1.41340424278 -1.06532203085 -1.34318209242 -1.29302688079 -1.19967862842 -0.955597470769 -0.849668572757 -1.24967538554 -1.65866126683 -0.533801309542 -0.854733755980 -2.19124544820 -1.69258931874 0.175342333052 -0.382990863874 -0.689540334177 -0.803627973028 0.242150861652 -0.445357472255 -0.361551811312 -0.905725667168 0.699999833002 0.658087725304 0.485876084229 0.313807917714 -0.0761894297481 -0.0877005722633 -0.806102600113 -0.708104276738 -0.352922228796 -0.544754943965 -0.371384540274 -0.00592564382253 -0.733240894104 -0.658060911629 -1.34293738205 -1.45504665408 -1.85104990972 -1.53298365602 -0.419200780760 -1.28659104173 -1.36168870072 -1.89718996250 -2.45596904550 -1.41939656516 -1.16227321762 -1.30173708418 -0.797806026372 -0.368278362470 -0.263347646535 -0.306743457489 -0.450908922061 -0.963377991203 -1.08055837662 -0.373441675699 -0.839948473070 -0.552303781451 -0.351317998486
# log_qflo:
 -3.12805539438 -3.82107052332 -3.50802364372 -2.85807486233
# log_b:
0.00000000000
# log_Lo:
3.91202300543
# log_cv_edad:
-2.30258509299
