# Number of parameters = 130 Objective function value = 15597.8652200827  Maximum gradient component = 6.26802574370448e-05
# log_L50:
 1.77314634794925 1.65322627546145
# log_sigma1:
 -0.449273196368291 0.0182189854044449
# log_sigma2:
 9.20000000000000 9.20000000000000
# log_Ro:
2.20000000000
# dev_log_Ro:
 2.28154735185 -0.727521389355 -0.723774427590 -0.726799648692 3.08019789023 -0.723893417256 -0.711535629179 -0.690954497379 -0.672705327776 -0.648020587999 -0.623924239827 -0.693012617488 -0.790648296308 5.67369237161 -0.810286219246 -0.808349199654 -0.801960679114 -0.796797905985 -0.790440765636 -0.782621369487 -0.772356391949 -0.759690924956 -0.745004704754 -0.727298822211 -0.705897198183 -0.687417698659 -0.668121593757 -0.650915284330 -0.638152440884 -0.640902828948 1.98141153346 -0.311201622625 0.178417194760 0.934885239605 -0.680575216359 -0.0737303949422 -0.0538863646075 -0.824227788369 1.31497216077 -1.09459589958 0.693880757778 1.16558300591 0.164410385603 1.32884909351 -0.257079348018 1.71440188994 -0.383115286163 0.463668536183 -0.945885361180 1.08737566482 1.30194967079 0.196588356156 0.445757549475 0.140209912809 1.19833366833 0.972928390652 0.784991892120 -0.222130210404 -1.01400351030 -0.903263465507 -0.821353941710
# dev_log_No:
 0.00000000000 0.00000000000 0.00000000000 0.00000000000 0.00000000000 0.00000000000 0.00000000000 0.00000000000 0.00000000000 0.00000000000 0.00000000000 0.00000000000
# log_F:
 -1.39593005925 -1.01602523709 -0.173266050313 0.699999997501 0.0213750797900 -0.800940619766 -0.219963643302 0.699999826381 -0.935470407769 -1.65648961361 -1.84374992256 -1.94272724390 -0.447586527993 -0.127926573341 -0.742090822682 0.699999920315 0.699999967950 -3.54000727610 -4.67312788669 -4.56401928556 -3.58523105545 -4.23261335312 -3.83437127152 -4.03470177489 -2.56733495632 -2.94218976556 -2.84679557001 -2.57384580473 -2.40581559233 -1.88436248795 -2.05210568539 -1.43055089187 -0.608750974250 -0.165708822298 -0.183358288715 -0.204014318328 -0.735559904698 -0.688721011297 -1.37386676628 -1.42700733696 -1.81601353820 -1.45723956581 -0.349220087917 -1.09337348967 -1.18966162712 -1.72543790181 -2.29572369892 -1.30394029236 -1.03085112733 -1.24147345913 -0.704377397300 -0.264071449849 -0.0598423487499 -0.139877440208 -0.306238676208 -0.785054047935 -0.891264080089 -0.147412971150 -0.606969467563 -0.279399956997 0.112241044393
# log_qflo:
 -3.07661743919 -3.66147743607 -3.41671307775 -2.61723272745
# log_b:
0.00000000000
# log_Lo:
3.91202300543
# log_cv_edad:
-2.30258509299
