# Number of parameters = 130 Objective function value = 15511.9123351510  Maximum gradient component = 0.00493797739651206
# log_L50:
 1.65920372099802 1.58904205054352
# log_sigma1:
 -1.75499980455544 -0.130313873614653
# log_sigma2:
 9.20000000000000 9.20000000000000
# log_Ro:
2.90000000000
# dev_log_Ro:
 -0.133677892797 -0.0419463661755 0.0558332604552 0.177140704080 0.363362272042 0.226511752587 0.131732385066 0.394248430952 0.765855537829 -0.210411370671 -0.418039159203 -0.408499659670 2.60246161207 -0.370355834439 -0.359915655215 -0.295055360858 -0.252968236891 -0.207852116880 -0.186418811795 -0.179785260736 1.95350716384 2.42704899922 -0.345697802292 -0.287038007996 -0.204896843482 -0.142898892257 -0.0857275725925 -0.0453361316118 -0.0369417843986 -0.0180623915871 0.896856730592 -0.231653696178 -0.407591282924 0.185075007476 -1.03405502803 -0.715569491342 -0.686045241426 -0.971666449263 0.727065425603 -1.33281988423 0.144160941694 0.402197421983 0.194090060408 0.305622754773 0.0971133471740 0.811293715623 -0.176685708219 -0.484747016238 -1.13013799074 0.440101836473 0.612080006893 -0.220197347922 -0.310748419291 -0.264678031231 0.530183240926 0.475834501068 0.174176588795 -0.568219694709 -1.09938660566 -0.676054846825 -0.551771811861
# dev_log_No:
 0.00000000000 0.00000000000 0.00000000000 0.00000000000 0.00000000000 0.00000000000 0.00000000000 0.00000000000 0.00000000000 0.00000000000 0.00000000000 0.00000000000
# log_F:
 -2.11306292984 -1.86174565299 -1.26791581512 -0.935690738580 -0.414092275318 -0.439310319969 -0.201376933365 0.0399183343688 0.390650703518 0.699999761656 0.465591148013 -0.195678972542 0.699999868711 0.699999929712 -0.251002704920 0.504198182561 -0.00244261765022 -1.65975852644 -1.69233769917 -1.47008898273 -0.167376182696 -0.395221672084 0.411306993409 0.699999334303 0.699999973557 -1.12051358276 -1.85961550614 -1.70064108832 -1.63782443534 -1.21595933941 -1.51245010112 -1.06997284415 -0.471163792722 -0.410843921226 -0.256162385231 -0.0763451001024 -0.721866052360 -0.648907378957 -1.34244804818 -1.42572568846 -1.81800936644 -1.48191842993 -0.386384177612 -1.23250626068 -1.31424800141 -1.84908806763 -2.41409319461 -1.38129501071 -1.13434033372 -1.28501320076 -0.774390181796 -0.327783540587 -0.205528226240 -0.264839752145 -0.407049520845 -0.902115561290 -1.00717233572 -0.296373798950 -0.748310761762 -0.431525315674 -0.120705722316
# log_qflo:
 -3.09589526363 -3.77561921851 -3.48000232990 -2.76383299652
# log_b:
0.00000000000
# log_Lo:
3.91202300543
# log_cv_edad:
-2.30258509299
