# Number of parameters = 130 Objective function value = 15579.6480959876  Maximum gradient component = 7.83912181687148e-06
# log_L50:
 1.65460654562660 1.52289046600836
# log_sigma1:
 -1.86406886857991 -0.295206216542077
# log_sigma2:
 9.20000000000000 9.20000000000000
# log_Ro:
3.80000000000
# dev_log_Ro:
 1.73059747557 1.70175153415 1.66658226099 1.62049917979 1.56582422012 1.50369426412 1.43440680796 1.35844070038 1.27367531902 1.18196988974 1.08626121539 0.986353096869 0.873841155118 0.757741688421 0.642857136981 0.526871014698 0.403351908370 0.279806724988 0.160226587359 0.0433648136306 -0.0870963330236 -0.220923641675 -0.345060827222 -0.466038135336 -0.582006959074 -0.696697390722 -0.787610425591 -0.853762812860 -0.888865564818 -0.862756126930 -0.746667227964 -0.691160237286 -0.988704615733 -0.755123186530 -1.40332681544 -1.35520671396 -1.31823652991 -1.14908167997 -0.0790788435606 -1.22409151455 -0.541776799539 -0.307050571451 -0.375537812643 -0.499343180383 -0.405748071349 -0.136078258228 -0.647841601578 -1.23582067045 -1.41451208903 -0.302842560816 -0.162217457913 -0.713262458432 -0.870595183104 -0.644462862767 -0.00954743898302 0.159077545947 -0.0402389856211 -0.332895681327 -0.109368491752 1.38872651784 1.90471470009
# dev_log_No:
 0.00000000000 0.00000000000 0.00000000000 0.00000000000 0.00000000000 0.00000000000 0.00000000000 0.00000000000 0.00000000000 0.00000000000 0.00000000000 0.00000000000
# log_F:
 -3.04418832347 -2.86557250541 -2.38053329353 -2.21242637530 -2.22724720972 -3.08232410106 -3.36269722699 -3.49884977969 -3.45067567845 -3.52171919988 -3.99460176288 -4.35308636296 -3.29774774311 -3.72808027243 -4.92466889349 -4.22722313007 -2.58651811486 -3.41821651995 -3.56232803907 -3.46496879510 -2.50159159523 -3.18781593166 -2.84852451327 -3.12275649040 -1.69218812999 -2.11739899314 -2.15072766705 -2.01106636856 -1.98475370630 -1.60408406814 -1.94392775589 -1.50863344218 -0.942994551970 -0.948033248752 -0.525988210897 -0.00770425431586 -0.824781819800 -0.762200360978 -1.42999413112 -1.59112254672 -2.00238219754 -1.71401804769 -0.590274560927 -1.46131236722 -1.52897899806 -2.05680140799 -2.59862061602 -1.54829802585 -1.27383739368 -1.39903665435 -0.910060101209 -0.546119553717 -0.508689385172 -0.539805774474 -0.721314627928 -1.31185854921 -1.47935381440 -0.829157557569 -1.38841957976 -1.23023520886 -1.33281278850
# log_qflo:
 -3.27683895794 -3.97405281381 -3.63180609459 -3.31752913339
# log_b:
0.00000000000
# log_Lo:
3.91202300543
# log_cv_edad:
-2.30258509299
