# Number of parameters = 130 Objective function value = 15551.1232632774  Maximum gradient component = 0.00731022259423656
# log_L50:
 1.65905661124833 1.60250300529308
# log_sigma1:
 -1.73845349994961 -0.0982715800372350
# log_sigma2:
 9.20000000000000 9.20000000000000
# log_Ro:
2.60000000000
# dev_log_Ro:
 -0.207754006402 0.906227950814 -0.406321547959 1.21765142240 -0.579690013609 2.20053626981 -0.670636582406 -0.652586134543 -0.620210801102 -0.630418519640 -0.642790812395 1.87149049112 -0.693638091872 2.77418318394 -0.737791051877 -0.721971974975 -0.692906483066 -0.667423298172 -0.646503783805 -0.627927532136 2.23940644577 3.18413380601 -0.772971027339 -0.752704550207 -0.726096459757 -0.707031327353 -0.686805853278 -0.667442983785 -0.647494848291 -0.618512548034 1.44101191622 -0.320179571037 -0.164752317840 0.505715541850 -0.933892342967 -0.457665922715 -0.412617694060 -0.919948529481 1.00543458134 -1.34966928293 0.381967333736 0.704746018568 0.298448802083 0.712271848151 0.0787804068131 1.20477992878 -0.184429548301 -0.0951904126478 -1.08020921805 0.723492114483 0.897568138715 -0.0192943506088 -0.0237861159238 -0.0799156537716 0.804423468088 0.681622383235 0.409554468171 -0.447603619089 -1.17557198133 -0.939978260530 -0.861111466804
# dev_log_No:
 0.00000000000 0.00000000000 0.00000000000 0.00000000000 0.00000000000 0.00000000000 0.00000000000 0.00000000000 0.00000000000 0.00000000000 0.00000000000 0.00000000000
# log_F:
 -1.79721560598 -1.49903142107 -0.822343765509 -0.326283634662 0.699999939104 0.489812037471 0.699999860884 0.387117114238 0.699999947240 -0.372280696460 -1.48655398725 -1.59596884599 -0.0139484135610 0.699999799995 0.337138763672 -0.791496140229 0.699999968204 -1.03111110630 -2.03836897901 -1.83224462698 -0.592470695432 -0.865858422916 -0.00352320579955 0.699999234198 0.699999986382 -1.45646715719 -2.31473289442 -2.17164782160 -2.11065763205 -1.67769111364 -1.92476304333 -1.38241513940 -0.649839794974 -0.326458975274 -0.179840744071 -0.141685102479 -0.708308100237 -0.651401377975 -1.34466602806 -1.40552006852 -1.79823044894 -1.44879877288 -0.367188212629 -1.18954533341 -1.27980757528 -1.81007787743 -2.38235864725 -1.35357707041 -1.11079449751 -1.27634201862 -0.755044343951 -0.303491339306 -0.162805252946 -0.235356644133 -0.378853357262 -0.864253076595 -0.962823191236 -0.249739158145 -0.698014869589 -0.369615769969 0.000909977529403
# log_qflo:
 -3.07503346531 -3.74128192093 -3.46118429106 -2.70836808777
# log_b:
0.00000000000
# log_Lo:
3.91202300543
# log_cv_edad:
-2.30258509299
