# Number of parameters = 130 Objective function value = 15505.7806446843  Maximum gradient component = 0.00298463343774017
# log_L50:
 1.65945596366493 1.56088587713858
# log_sigma1:
 -1.76334254636628 -0.199478670353846
# log_sigma2:
 9.20000000000000 9.20000000000000
# log_Ro:
3.40000000000
# dev_log_Ro:
 0.706906923695 0.701223992531 0.695016454716 0.687468095693 0.678208050054 0.667068181169 0.654243371421 0.639987421529 0.622542661915 0.602005884805 0.581065788541 0.559680036448 0.530965806012 0.497395122576 0.465391678648 0.432676022359 0.393982299724 0.352686523518 0.315460127884 0.279114098918 0.236928363353 0.186650428069 0.142047301303 0.0969314758592 0.0550987212966 -0.0100102640196 -0.0696337982366 -0.121679256492 -0.155938660476 -0.130056517455 -0.0463768918931 -0.372701873136 -0.713357193953 -0.357235818766 -1.19622211360 -1.09169423155 -1.07208880620 -1.02927480416 0.248921303144 -1.20575773789 -0.255734150858 -0.0184890902473 -0.117074837063 -0.188392712393 -0.144576017072 0.241667688249 -0.411177459060 -0.950324584722 -1.26154008249 -0.00563742102612 0.152675089067 -0.527402617960 -0.695576096687 -0.531773608580 0.146541913495 0.212213248594 -0.0648276343493 -0.553534687465 -0.622142575620 0.395928939546 0.741538529285
# dev_log_No:
 0.00000000000 0.00000000000 0.00000000000 0.00000000000 0.00000000000 0.00000000000 0.00000000000 0.00000000000 0.00000000000 0.00000000000 0.00000000000 0.00000000000
# log_F:
 -2.63266799543 -2.43042765770 -1.91214738144 -1.69872871690 -1.46557303116 -1.95241806297 -2.05520827923 -2.08723480851 -1.96633518340 -1.98522534995 -2.44446916366 -2.82797441250 -1.77292952402 -2.19826997280 -3.45199449722 -2.83048778923 -1.17218032916 -1.97661699974 -2.18423907578 -2.16226104005 -1.22020812673 -1.93132119419 -1.66872383690 -2.02674598411 -0.590097876098 -0.958157809556 -1.05055408728 -0.999918857246 -1.08291052093 -0.810438113629 -1.27368345991 -0.986258370368 -0.529266788454 -0.649848839972 -0.401854424871 0.000929354967347 -0.765118207807 -0.692619867914 -1.36899008588 -1.50107418365 -1.90089055688 -1.59341808944 -0.475310147455 -1.33569599510 -1.40658417597 -1.94028301348 -2.49436892650 -1.45347948652 -1.18870371553 -1.32149439328 -0.821514326555 -0.408954904550 -0.320151746362 -0.353333370651 -0.501789527942 -1.03261024192 -1.16217919189 -0.464378218258 -0.951790294633 -0.699668230635 -0.601822519373
# log_qflo:
 -3.17639202947 -3.86247632356 -3.53656005839 -2.96150364233
# log_b:
0.00000000000
# log_Lo:
3.91202300543
# log_cv_edad:
-2.30258509299
