# Number of parameters = 130 Objective function value = 15571.4133207750  Maximum gradient component = 0.00540026650173432
# log_L50:
 1.66319622437477 1.62493595591148
# log_sigma1:
 -1.71934835007516 -0.0441702032057769
# log_sigma2:
 9.20000000000000 9.20000000000000
# log_Ro:
2.40000000000
# dev_log_Ro:
 2.01047463941 -0.643779042432 -0.625097683156 -0.685550995325 2.67932271929 -0.734894443464 -0.720430798011 -0.696764119721 -0.678427361742 -0.683087618369 -0.684480039663 2.08160475965 -0.747399662914 3.59622325281 -0.800372321211 -0.789796869103 -0.771217874409 -0.754611796253 -0.737716755999 -0.722122186579 -0.766251442927 3.55792386669 -0.798330559499 -0.786295466153 -0.769498688834 -0.756671069709 -0.742200140082 -0.726854483177 -0.707437089683 -0.672098552757 1.63056988129 -0.347799694642 0.120030148216 0.639236105868 -0.806439354117 -0.284440599888 -0.229614192397 -0.828001946442 1.19914857253 -1.30434908885 0.499914238343 0.957295058792 0.234000791318 1.04311919636 -0.0951157476938 1.47634698615 -0.301009560675 0.199510334059 -1.02684772808 0.903863514824 1.09838794148 0.0981388627686 0.201119970657 0.0386787996066 0.995860844150 0.829605693266 0.589974948095 -0.335412975155 -1.11160356818 -0.943594063433 -0.864735544915
# dev_log_No:
 0.00000000000 0.00000000000 0.00000000000 0.00000000000 0.00000000000 0.00000000000 0.00000000000 0.00000000000 0.00000000000 0.00000000000 0.00000000000 0.00000000000
# log_F:
 -1.56944162894 -1.22326109678 -0.444220831597 0.330695960591 0.0628922446656 -0.865729141396 -0.369384019899 0.699999935265 -0.568745800620 -1.43788620435 -1.59613021517 -1.67471603195 -0.0731756436111 0.699999766624 0.614280635725 -0.647488589405 0.699999976286 -1.50539769190 -2.73978170151 -2.58346433472 -1.49797895721 -2.00837159317 -1.48867409152 -1.54155731443 0.699999970277 -1.19314533655 -2.38649393431 -2.24784647752 -2.18960462955 -1.75850663385 -2.00416835695 -1.45524426689 -0.716483417977 -0.379666581903 -0.112611314092 -0.118073019712 -0.642916984023 -0.585839360526 -1.28881755064 -1.33387444459 -1.73177556501 -1.38906089154 -0.266726369131 -1.14397346941 -1.24014811941 -1.77288630587 -2.34629961093 -1.33304476032 -1.07735607777 -1.26557856895 -0.733412030287 -0.288428719673 -0.117554964536 -0.196104293079 -0.349957996925 -0.831222988673 -0.931677416812 -0.205404651203 -0.658821467536 -0.330365956895 0.0546465901117
# log_qflo:
 -3.00641152722 -3.70694656602 -3.44388178463 -2.66862155318
# log_b:
0.00000000000
# log_Lo:
3.91202300543
# log_cv_edad:
-2.30258509299
