# Number of parameters = 130 Objective function value = 15647.9658181949  Maximum gradient component = 9.01848567859628e-05
# log_L50:
 1.76330752775136 1.68550846387431
# log_sigma1:
 -0.517258678483613 0.0862335941062019
# log_sigma2:
 9.20000000000000 9.20000000000000
# log_Ro:
1.90000000000
# dev_log_Ro:
 5.04600715695 -0.935822802003 -0.932111083119 -0.925225902636 -0.918413388728 -0.911017264489 -0.902422937924 -0.892882285476 -0.880551198801 -0.865471732783 -0.851558369003 -0.839775749199 -0.871165741549 4.06014556922 -0.913613974535 -0.907775651482 -0.899616505722 -0.890869730740 -0.881961967106 -0.873531748336 -0.894373111785 4.38106890861 -0.921531029321 -0.915658812297 -0.908202348891 -0.895804098899 -0.873640280001 -0.838070780028 -0.776039275809 -0.681078069433 -0.546223080319 1.85312696502 -0.978489731103 1.29688004177 -0.696717757056 0.203573996456 0.248252447248 -0.793404074034 1.60359467937 -1.09596325826 0.874343933968 1.56412193857 -0.381531288207 1.74918101382 -0.675673666630 2.05594421938 -0.644275530493 0.852062370283 -0.944456055209 1.35376247291 1.64809117965 0.130365057117 0.925163777346 0.0177306080565 1.57594932515 1.10047961278 1.13684809225 -0.168948717068 -0.992291217553 -1.00852805893 -0.952005090964
# dev_log_No:
 0.00000000000 0.00000000000 0.00000000000 0.00000000000 0.00000000000 0.00000000000 0.00000000000 0.00000000000 0.00000000000 0.00000000000 0.00000000000 0.00000000000
# log_F:
 -1.06302115123 -0.561555247401 0.699999997092 0.699999982844 -2.48112283538 -3.75794245030 -3.63735833210 -3.44059677523 -3.09183052026 -2.87727249376 -3.07706201176 -3.17951759276 -1.84324513913 -1.90793553137 -2.79473392468 -1.81163230961 0.699999982933 -1.69713989729 -2.74304948982 -2.57940150340 -1.48345552707 -1.97670348743 -1.43072769501 -1.44103861081 0.699999977664 -1.69000490741 -2.72494019289 -2.60556623837 -2.56794940076 -2.16457739086 -2.43818602763 -1.91978382203 -1.26822147988 -1.10544164878 -0.318909513308 0.156082713944 -0.856732356552 -0.660474246345 -1.36718733957 -1.39291380512 -1.78732889124 -1.41802502663 -0.311928488872 -1.02777618721 -1.12136640916 -1.67129158719 -2.22757465074 -1.26654910119 -0.978675249517 -1.20692346331 -0.670831616808 -0.232308346735 0.0111706028017 -0.0763415436282 -0.253053598228 -0.724765657989 -0.843122975632 -0.0757410685832 -0.543427257332 -0.202277674481 0.207287702363
# log_qflo:
 -3.05973795504 -3.60437020305 -3.38108314475 -2.54862348787
# log_b:
0.00000000000
# log_Lo:
3.91202300543
# log_cv_edad:
-2.30258509299
