# Number of parameters = 130 Objective function value = 15518.2169194301  Maximum gradient component = 0.00177400335173010
# log_L50:
 1.65716688942911 1.55422829953290
# log_sigma1:
 -1.81058613321347 -0.216665554586686
# log_sigma2:
 9.20000000000000 9.20000000000000
# log_Ro:
3.50000000000
# dev_log_Ro:
 0.954600421496 0.945690873940 0.935565841908 0.922802519304 0.906945550116 0.887875937924 0.865711738180 0.840660801401 0.810474396519 0.775631381100 0.739087681593 0.700572429440 0.651436542586 0.596722475788 0.543163429375 0.488174954843 0.425234076885 0.359937416941 0.298518266809 0.238556617126 0.168358922933 0.0897616807048 0.0179842393080 -0.0537957265041 -0.122521978202 -0.205118160780 -0.273055620873 -0.324975631469 -0.351074716716 -0.315075790817 -0.213603425626 -0.441583745623 -0.785751435810 -0.459743989800 -1.24739622807 -1.16235952238 -1.13995274114 -1.06009099629 0.160189196394 -1.20939066249 -0.330416798895 -0.0953463835787 -0.184748009153 -0.271285144106 -0.209784719991 0.143067815996 -0.473940992405 -1.02630129192 -1.30400635048 -0.0866053179669 0.0660898594500 -0.585874156492 -0.757592178996 -0.579081884952 0.0867111290967 0.173944743852 -0.0871979767567 -0.530395269211 -0.523547119351 0.610829007901 1.00731401792
# dev_log_No:
 0.00000000000 0.00000000000 0.00000000000 0.00000000000 0.00000000000 0.00000000000 0.00000000000 0.00000000000 0.00000000000 0.00000000000 0.00000000000 0.00000000000
# log_F:
 -2.73597955324 -2.54067036688 -2.03235860363 -1.83289445532 -1.65330419282 -2.22978089631 -2.38554381137 -2.45371148731 -2.36210084592 -2.40566270652 -2.87565980837 -3.25478961181 -2.20799030271 -2.64532100722 -3.88383694079 -3.23948380092 -1.60173051525 -2.43108688293 -2.62162653676 -2.57699500890 -1.63784732862 -2.34879312316 -2.06172514242 -2.39158470749 -0.970288098229 -1.37404084465 -1.44625566411 -1.35993460643 -1.39621379037 -1.07722117235 -1.48664710855 -1.14054929095 -0.642527386155 -0.722082047590 -0.424147096040 0.00459512127611 -0.777217415081 -0.705886216283 -1.37935344495 -1.51880012512 -1.92090200258 -1.61808733433 -0.497268525655 -1.35809167236 -1.42763243059 -1.96038316048 -2.51232328457 -1.46944436486 -1.20180122428 -1.33227275790 -0.834039291842 -0.429668094243 -0.349176933137 -0.379096989963 -0.530897550292 -1.07129186867 -1.20726537382 -0.516038273093 -1.01554324979 -0.781953342678 -0.730118433705
# log_qflo:
 -3.19593273086 -3.88179323697 -3.55109491896 -3.01672208223
# log_b:
0.00000000000
# log_Lo:
3.91202300543
# log_cv_edad:
-2.30258509299
