# Number of parameters = 130 Objective function value = 15558.2938194116  Maximum gradient component = 0.00365733553139482
# log_L50:
 1.66256665656646 1.60510049165898
# log_sigma1:
 -1.72724521613384 -0.0917475062196161
# log_sigma2:
 9.20000000000000 9.20000000000000
# log_Ro:
2.50000000000
# dev_log_Ro:
 0.936668675380 -0.365134113437 1.15985692663 -0.579945454907 2.57120685428 -0.690742135408 -0.674978486464 -0.644284730368 -0.622928849102 -0.628803586353 -0.630805595619 1.97101213525 -0.705284074121 3.47977430669 -0.764099490506 -0.752128280856 -0.730451477498 -0.711272565454 -0.691792340514 -0.673789260897 -0.724295215450 3.43241148965 -0.761361753484 -0.747701530011 -0.728218180633 -0.713546702297 -0.697020851301 -0.679444463121 -0.657139228183 -0.616442141222 1.50463951106 -0.321708796168 0.0118713934225 0.547837911725 -0.854385064878 -0.370339891882 -0.318272781096 -0.858584460456 1.11597382463 -1.32133192570 0.437286672397 0.821873673149 0.329003485263 0.842225991241 0.0867096132013 1.31980440624 -0.160932694878 0.0218762981921 -1.02542226507 0.816448685255 0.992436730171 0.0593569337989 0.0722702856502 -0.00399607696432 0.895448633271 0.761108409792 0.493899087681 -0.378046588589 -1.12764206658 -0.912107490616 -0.836621323933
# dev_log_No:
 0.00000000000 0.00000000000 0.00000000000 0.00000000000 0.00000000000 0.00000000000 0.00000000000 0.00000000000 0.00000000000 0.00000000000 0.00000000000 0.00000000000
# log_F:
 -1.68099158618 -1.36003110540 -0.637409262058 -0.0296890040272 0.611229261797 0.699999871794 0.566842358229 0.699999954229 -0.551359611813 -1.39759725648 -1.55583749630 -1.63953525384 -0.0425279543892 0.699999759249 0.433548803592 -0.675738976722 0.699999975488 -1.49374226652 -2.71515115611 -2.55962262690 -1.47392614813 -1.98503342890 -1.46863127447 -1.52786182777 0.699999969862 -1.17757595121 -2.35665514511 -2.21794638518 -2.16023570199 -1.73024139368 -1.97885670798 -1.43565414874 -0.705970173782 -0.392636873110 -0.128751780607 -0.112290084907 -0.658263170507 -0.596664434028 -1.30010187499 -1.35251430908 -1.75008463897 -1.40940097614 -0.294901520133 -1.17978740396 -1.27268610986 -1.80340436090 -2.37663234088 -1.34990890755 -1.10641052121 -1.27545802596 -0.751793783107 -0.300835164538 -0.156258277210 -0.230642121166 -0.374829493304 -0.859116785926 -0.957214913104 -0.243234326436 -0.691643642037 -0.362298469328 0.0143094433474
# log_qflo:
 -3.02729715991 -3.73537325443 -3.45857715289 -2.70131125871
# log_b:
0.00000000000
# log_Lo:
3.91202300543
# log_cv_edad:
-2.30258509299
