# Number of parameters = 133 Objective function value = 16091.9580769406  Maximum gradient component = 1.41131271633466e-06
# log_L50:
 1.65993716963199 1.58270585486939
# log_sigma1:
 -1.76499214118656 -0.161512867375900
# log_sigma2:
 9.20000000000000 9.20000000000000
# log_Ro:
3.18069257624
# dev_log_Ro:
 0.0904333691587 0.101969651208 0.113317803640 0.125157390388 0.137780122378 0.152468992999 0.168129470394 0.182993925379 0.199836601512 0.224218424853 0.246837672539 0.262446270121 0.283216454539 0.323351336951 0.350825511882 0.378501642556 0.410809646163 0.473953867346 0.508567845754 0.589309984364 0.467553488104 0.364435546782 0.389435888922 0.434043208739 0.496645176568 0.504534938020 0.412121302573 0.308811623468 0.202159601063 0.183459367441 0.285036652400 -0.264061525825 -0.567251682435 -0.135953596967 -1.13010745392 -0.946093937686 -0.927157501128 -1.00470125599 0.444742868634 -1.29697669582 -0.0787912520338 0.148607642845 0.0334459018958 -0.00587781013886 -0.00866595102248 0.493180633152 -0.314939704197 -0.747797799777 -1.21294382367 0.216858108125 0.335172667495 -0.397913291093 -0.541738520779 -0.409762935590 0.318760521025 0.359421710533 0.0324580420540 -0.0708451204778 -0.646313344525 -0.877616952320 -0.185859731994 0.0163590134225
# dev_log_No:
 0.00000000000 0.00000000000 0.00000000000 0.00000000000 0.00000000000 0.00000000000 0.00000000000 0.00000000000 0.00000000000 0.00000000000 0.00000000000 0.00000000000
# log_F:
 -2.40378007949 -2.18319958999 -1.63770209125 -1.38437379459 -1.02287118890 -1.27319923958 -1.19937425321 -1.08403792218 -0.815214706137 -0.680667066513 -1.06753497529 -1.48572262366 -0.341500252270 -0.633162099614 -1.99696906213 -1.53380470214 0.401614663674 -0.0856863362556 -0.435827745334 -0.599517357021 0.470840195875 -0.242243278661 -0.235808230362 -0.851277295475 0.699999897988 0.676545852430 0.549784328365 0.391839036764 -0.0158107181055 -0.0556470334880 -0.795009488444 -0.703635946256 -0.347743841391 -0.535984863477 -0.365514854505 -0.00404865516434 -0.722500484257 -0.645124153949 -1.33010278177 -1.43745046267 -1.83184643803 -1.51137653812 -0.391096818610 -1.24725964011 -1.32348644467 -1.86446492015 -2.42739933956 -1.39333203945 -1.13996117565 -1.28595634181 -0.781272714658 -0.344679316871 -0.236544141380 -0.284269195679 -0.432710212817 -0.945600844378 -1.06433749855 -0.363908947473 -0.856632758517 -0.609643788176 -0.566867068697 -0.287684023495
# log_qflo:
 -3.10685509422 -3.79084992294 -3.49072480755 -2.86098792000
# log_b:
0.00000000000
# log_Lo:
3.91202300543
# log_cv_edad:
-2.30258509299
