# Number of parameters = 130 Objective function value = 15620.4714728395  Maximum gradient component = 0.00644379498258910
# log_L50:
 1.61404170346785 1.12135896347667
# log_sigma1:
 -4.05743495502149 -3.18089101916625
# log_sigma2:
 9.20000000000000 9.20000000000000
# log_Ro:
4.00000000000
# dev_log_Ro:
 0.816051076416 0.800982260869 0.783536674730 0.761998660888 0.735832564961 0.705007992479 0.669509440354 0.629628730210 0.583301708711 0.530794252466 0.475456655699 0.417420484241 0.348251694008 0.272242543277 0.198197097878 0.122916899777 0.0405026364583 -0.0449618919956 -0.124756556194 -0.203193494118 -0.290579947203 -0.387903154681 -0.475619827311 -0.562283464749 -0.645462335246 -0.735420656943 -0.805242705573 -0.852740594017 -0.866842679098 -0.806745206133 -0.632745529702 -0.580626437481 -1.02056395974 -0.537542818432 -1.28135744491 -1.16153849761 -1.11411958321 -1.08164735533 0.284658899323 -0.934650117398 -0.361082691179 -0.0726960480161 -0.165347169819 -0.0426812164383 -0.359203819162 0.179470219747 -0.146775564637 -0.956651148962 -0.813718585008 0.0730645688811 0.926583057351 0.183300038207 0.318893156956 0.576515940408 1.05815235718 1.54643541304 0.978402066278 0.943777595956 0.302853178264 0.900481361421 0.900481273866
# dev_log_No:
 0.00000000000 0.00000000000 0.00000000000 0.00000000000 0.00000000000 0.00000000000 0.00000000000 0.00000000000 0.00000000000 0.00000000000 0.00000000000 0.00000000000
# log_F:
 -3.26056005877 -3.09078594917 -2.61767230138 -2.46494490244 -2.31994131530 -2.84595427982 -2.95637061316 -2.99291753808 -2.88015768656 -2.90852018615 -3.35930866706 -3.71339333950 -2.65358255168 -3.08275339980 -4.29752727422 -3.62614376709 -1.98893962476 -2.82212749425 -2.99246625768 -2.92522132292 -1.97844744471 -2.68126978867 -2.37301885436 -2.68024517179 -1.26045569727 -1.67905011433 -1.73716250856 -1.63013084487 -1.64139936556 -1.29921259827 -1.68092295585 -1.30203710037 -0.787936068269 -0.857272725180 -0.561830274297 -0.244819423092 -1.16281300999 -1.18390326853 -1.90550547765 -2.10288471768 -2.53812990137 -2.26248435919 -1.29891895229 -2.26184686845 -2.36568778603 -2.89150272158 -3.43323254509 -2.38557074793 -2.18819352347 -2.38650232794 -2.02980458011 -1.95211175295 -2.14075697815 -2.41579693183 -2.77324994878 -3.50379741404 -3.70401385612 -3.10852262919 -3.72536943184 -3.55290552857 -3.69256326982
# log_qflo:
 -3.81855568854 -4.82192317631 -4.68013358629 -5.38529434002
# log_b:
0.00000000000
# log_Lo:
3.91202300543
# log_cv_edad:
-2.30258509299
