# Number of parameters = 130 Objective function value = 15495.4256381663  Maximum gradient component = 0.00168797538315814
# log_L50:
 1.66047832521240 1.58307580975754
# log_sigma1:
 -1.75688898123766 -0.144372167985187
# log_sigma2:
 9.20000000000000 9.20000000000000
# log_Ro:
3.10000000000
# dev_log_Ro:
 -0.128232239651 -0.0873091616483 -0.0465188436222 -0.00535307030289 0.0341765359673 0.0768781704601 0.121197435279 0.157446555416 0.181446902140 0.249356999936 0.389589097112 0.635942599274 0.313080614893 0.219722221822 0.317449845495 0.787483821125 0.324622344047 0.192728778653 0.147815232803 1.38740341883 0.200853317146 0.302747661702 0.447776842767 0.295201602820 1.33576248625 0.218242693615 0.186700496237 0.178841582647 0.119796396904 0.148887212053 0.476167052077 -0.265962717406 -0.527679753559 -0.0384269126090 -1.13117217214 -0.882684248231 -0.856686044263 -1.03165727438 0.552984550976 -1.36083855302 -0.0215505458176 0.232132517082 0.0612010945694 0.101783608866 -0.00568428273998 0.593565492353 -0.278861844442 -0.687188115238 -1.21735616404 0.256503283402 0.429465824710 -0.363682964044 -0.481780090240 -0.398081518265 0.361502961288 0.340778540086 0.0358454475869 -0.649251496589 -1.06903167974 -0.520243063865 -0.357848482537
# dev_log_No:
 0.00000000000 0.00000000000 0.00000000000 0.00000000000 0.00000000000 0.00000000000 0.00000000000 0.00000000000 0.00000000000 0.00000000000 0.00000000000 0.00000000000
# log_F:
 -2.31952357593 -2.09107544949 -1.53368141454 -1.26179469203 -0.850057183001 -1.00235877816 -0.842570424394 -0.644786067345 -0.274592173240 -0.0104610890450 -0.359456454967 -0.863321593905 0.364200727241 0.191731957809 -1.38778819896 -1.21183245531 0.699999911798 0.457688839316 0.179488554277 -0.252823638365 0.699999875928 0.286840358405 0.699999618545 -0.533705853206 0.493619525665 0.699996683153 0.694611822410 0.699999860376 -0.268757130718 -0.655665615353 -1.11359949149 -0.832983516258 -0.377443843185 -0.489893675950 -0.326224774122 -0.0224089880828 -0.713700161055 -0.635677792195 -1.32836089068 -1.42318745880 -1.81782682607 -1.49175187199 -0.380624603139 -1.25366128663 -1.33263174235 -1.86855420144 -2.43076165460 -1.39668995454 -1.14561323342 -1.29113114507 -0.783753427241 -0.343519041082 -0.228520801609 -0.280939882123 -0.423655730632 -0.925276895405 -1.03492577846 -0.324873359536 -0.781384135124 -0.474489064257 -0.205170535974
# log_qflo:
 -3.09585069941 -3.79374382918 -3.49089885496 -2.79911233066
# log_b:
0.00000000000
# log_Lo:
3.91202300543
# log_cv_edad:
-2.30258509299
