# Number of parameters = 130 Objective function value = 15519.8905258786  Maximum gradient component = 0.00441919970798533
# log_L50:
 1.66143222703432 1.59183951949894
# log_sigma1:
 -1.74012394522434 -0.123703869614738
# log_sigma2:
 9.20000000000000 9.20000000000000
# log_Ro:
2.80000000000
# dev_log_Ro:
 -0.113304958158 0.00881914749604 0.138610931267 0.0505622434321 1.03918185298 -0.0329272538795 -0.111506923809 1.28201424961 -0.121751893767 -0.259703466279 -0.390508840403 -0.432157060730 2.73974256522 -0.456108215500 -0.447236525870 -0.396413147551 -0.363115745490 -0.329317326420 -0.310666649300 1.67652708711 -0.401692283409 2.96046072107 -0.476764019151 -0.450139933778 -0.405674792179 -0.376192169657 -0.345746851784 -0.315482391978 -0.280667078974 -0.211712702088 1.04355960398 -0.245719963399 -0.290860187283 0.255518266877 -0.980824436361 -0.632214458668 -0.596823637711 -0.924895252458 0.828333837635 -1.32659237145 0.215715896556 0.499383222008 0.253648509057 0.416627158266 0.142048734857 0.923095154709 -0.130738917978 -0.376742452868 -1.08443040236 0.533100248491 0.704548755011 -0.145911124210 -0.221493202821 -0.194805105003 0.617400304137 0.547513241623 0.249331086094 -0.517697932032 -1.09580168870 -0.721297847120 -0.610103606906
# dev_log_No:
 0.00000000000 0.00000000000 0.00000000000 0.00000000000 0.00000000000 0.00000000000 0.00000000000 0.00000000000 0.00000000000 0.00000000000 0.00000000000 0.00000000000
# log_F:
 -2.00379254937 -1.73806851500 -1.11991219784 -0.743978958897 -0.133315083068 -0.0454171121079 0.263806217983 0.699999819053 0.534648463949 0.478326298981 0.699999824584 -0.497396965145 0.207103487341 0.699999910558 -0.156513823933 0.699999757342 0.0182340393439 -1.72482149502 -1.75064307345 -1.51471303061 -0.187506201210 -0.346379350238 0.699999260795 -0.442549473318 0.699999968157 -1.00493935412 -2.11915818329 -1.97696811146 -1.92081119407 -1.49765998939 -1.76865552015 -1.26997559553 -0.604190171568 -0.439763877708 -0.207734213744 -0.0730410633844 -0.693866211890 -0.618208687191 -1.31751168130 -1.39299037693 -1.78771476002 -1.45369946224 -0.344506754912 -1.22087098240 -1.30472016207 -1.83966582745 -2.40620593856 -1.37435331911 -1.12904249950 -1.28247818251 -0.770123687448 -0.321355182323 -0.195551869421 -0.257939385514 -0.400168358614 -0.892704264331 -0.996008920681 -0.284929703698 -0.735507443645 -0.415357818360 -0.0887046425744
# log_qflo:
 -3.06620020665 -3.76698823302 -3.47529515066 -2.74981251752
# log_b:
0.00000000000
# log_Lo:
3.91202300543
# log_cv_edad:
-2.30258509299
