# Number of parameters = 130 Objective function value = 15497.1366039339  Maximum gradient component = 0.00238008382867576
# log_L50:
 1.65912101680688 1.56712781960131
# log_sigma1:
 -1.77291196764314 -0.183581497404483
# log_sigma2:
 9.20000000000000 9.20000000000000
# log_Ro:
3.30000000000
# dev_log_Ro:
 0.456833329344 0.454518148458 0.452106497171 0.449324781436 0.446024500505 0.442083108295 0.437658553146 0.432937127267 0.427141688585 0.420095223465 0.413285450443 0.406878588884 0.397914956733 0.386445302416 0.376157693410 0.365872558187 0.353392510428 0.339190845213 0.327809370787 0.316343297558 0.304238087255 0.288423749415 0.276578691516 0.265499266112 0.259679309817 0.217817948199 0.161240794202 0.0985454860910 0.0405445502317 0.0430556218602 0.106819899480 -0.310933894129 -0.640280800394 -0.255176626257 -1.15026086740 -1.02018208274 -1.00193809165 -1.00217211715 0.341435522009 -1.21146531938 -0.179395581982 0.0607562520457 -0.0494920436689 -0.102140563600 -0.0816194998546 0.344412436053 -0.350167601805 -0.871034042510 -1.22227265432 0.0782136308650 0.241525081402 -0.467097247141 -0.628475566669 -0.481073304583 0.212623505762 0.256524634443 -0.0338346078940 -0.570008343680 -0.720111041784 0.177622472981 0.471561427114
# dev_log_No:
 0.00000000000 0.00000000000 0.00000000000 0.00000000000 0.00000000000 0.00000000000 0.00000000000 0.00000000000 0.00000000000 0.00000000000 0.00000000000 0.00000000000
# log_F:
 -2.52878254647 -2.31875791547 -1.78906169926 -1.55925260661 -1.27238104342 -1.66588471360 -1.70590890589 -1.69011968552 -1.52588000887 -1.50422783947 -1.94425197782 -2.33390124808 -1.25924619739 -1.65588027414 -2.93179346912 -2.34527320549 -0.634463249216 -1.37603499184 -1.60647146786 -1.61809403163 -0.652188446295 -1.34923051049 -1.12464053725 -1.52733692754 -0.0326076113219 -0.302239015906 -0.429528823723 -0.452467293300 -0.634234719501 -0.457130076695 -1.02028648010 -0.823225527922 -0.422092656849 -0.588694584497 -0.386021372860 -0.00282900009681 -0.751538337024 -0.678141596835 -1.35791943161 -1.48176791683 -1.87961278655 -1.56741352806 -0.451708794171 -1.31373887443 -1.38630082516 -1.92087598901 -2.47704801232 -1.43812541969 -1.17656438967 -1.31206162649 -0.810375481502 -0.390061404794 -0.293723353017 -0.331009195939 -0.477118319730 -0.999313841055 -1.12308103946 -0.420278887973 -0.897357954385 -0.628317412756 -0.484255459457
# log_qflo:
 -3.15569919434 -3.84381762461 -3.52328907817 -2.91242202990
# log_b:
0.00000000000
# log_Lo:
3.91202300543
# log_cv_edad:
-2.30258509299
