# Number of parameters = 130 Objective function value = 15629.0019581627  Maximum gradient component = 0.000139998708018652
# log_L50:
 1.77649797770998 1.67487921104045
# log_sigma1:
 -0.483756603511581 0.0648182499296799
# log_sigma2:
 9.20000000000000 9.20000000000000
# log_Ro:
2.00000000000
# dev_log_Ro:
 4.92870000021 -0.893765117182 -0.889604710636 -0.881961800200 -0.874339432689 -0.866043211402 -0.856409588493 -0.845699309081 -0.831641216981 -0.814590736108 -0.798977988125 -0.785590835350 -0.825852403783 3.95237202398 -0.868214800180 -0.861583877766 -0.852099953298 -0.842094873033 -0.831826208139 -0.822217660353 -0.849540956629 4.27109876304 -0.877160811533 -0.870476846067 -0.861934925435 -0.847825846432 -0.822448732880 -0.780975388889 -0.706261127559 -0.586360468512 -0.396588804577 1.68152339103 -0.867448601751 1.17642630085 -0.712803692596 0.103869369759 0.152704217909 -0.797355708077 1.52806148960 -1.12039550237 0.779109123133 1.45533707732 -0.228000665934 1.62649117251 -0.573640465638 1.94769645487 -0.563949610181 0.726901294483 -0.944590368247 1.26709456813 1.52602073848 0.201375259139 0.746866121516 0.120410233102 1.43777959595 1.07553499508 1.00801956657 -0.170212496330 -1.00346410587 -0.977633733603 -0.911809174758
# dev_log_No:
 0.00000000000 0.00000000000 0.00000000000 0.00000000000 0.00000000000 0.00000000000 0.00000000000 0.00000000000 0.00000000000 0.00000000000 0.00000000000 0.00000000000
# log_F:
 -1.12608235388 -0.636812418731 0.619405524362 0.699999985609 -2.35404161497 -3.74208421914 -3.62158094965 -3.42493163349 -3.07631541346 -2.86195056318 -3.06225853434 -3.16576368972 -1.83031960451 -1.89683959894 -2.78785890861 -1.81139537870 0.699999982023 -1.58365018544 -2.73567851574 -2.57294358066 -1.47782491218 -1.97272374839 -1.42985889226 -1.44574035872 0.699999976880 -1.57206011799 -2.71475181311 -2.59570023476 -2.55862800980 -2.15607206937 -2.43115187639 -1.91520637641 -1.26787237286 -1.11457284629 -0.357534595922 0.200963150117 -0.827683243809 -0.600012788717 -1.33948180827 -1.36253122591 -1.75932909288 -1.40380447861 -0.266355221988 -1.05014038227 -1.14497588361 -1.69164742049 -2.25052496052 -1.28147603745 -0.996526747738 -1.22031638804 -0.682295032104 -0.244116296185 -0.0135551049479 -0.0977188846863 -0.270983181853 -0.745800365536 -0.858599955751 -0.100029151378 -0.563965002512 -0.228939538411 0.177408797058
# log_qflo:
 -3.03313997327 -3.62477415591 -3.39412474506 -2.57161020568
# log_b:
0.00000000000
# log_Lo:
3.91202300543
# log_cv_edad:
-2.30258509299
