# Number of parameters = 140 Objective function value = 4827.89131374757  Maximum gradient component = 5.98093884864201e-05
# log_L50:
 1.38717937463011
# log_sigma1:
 -0.749769631154407
# log_sigma2:
 9.20000000000000
# log_Ro:
4.46858613367
# dev_log_Ro:
 0.0138225631018 0.0154627141721 0.0175028465532 0.0200367805589 0.0231878245870 0.0270565586610 0.0317711537797 0.0376393437346 0.0447005607653 0.0537803255967 0.0636394471256 0.0743011438217 0.0859623679079 0.0978979817163 0.111904890995 0.127279301472 0.140892652460 0.158757897605 0.176662359241 0.202675194894 0.240510656154 0.302297638974 0.426053615574 0.602789897086 0.633940128756 0.231136190280 -0.330560629276 0.357449592172 0.0517781298940 -0.515492878992 -0.123962941166 -0.136490604618 -0.244367736689 -0.216653896287 0.239039102474 -0.166475254125 0.0310446245647 0.230455518392 -0.453759272092 -0.497620172216 -0.942647220047 -0.0520532117736 0.219947035783 0.198923619406 0.122144567093 0.545306633589 -0.165486261091 0.217462700231 -0.456454934072 -0.256431817142 -0.407814479267 -0.130927343668 -0.167592327575 -0.00855832349698 -0.446436390811 -0.189370319420 0.387528360204 -0.173839899511 -0.491448322456 0.00467453007932 0.00702778633784
# dev_log_No:
 0.00543322141478 0.00432825050982 0.00342267352766 0.00268873912260 0.00209968334176 0.00163110751267 0.00126071190678 0.000969766777729 0.000742708278390 0.000566544227574 0.000430335509325 0.00132694465677
# log_F:
 -10.8295517707 -10.1367893729 -10.8305367476 -10.1389749914 -10.8338721251 -10.1426418921 -10.1447256492 -6.74530344847 -5.61435903654 -4.26434548196 -3.99537589736 -2.99859260491 -4.88795350569 -7.01736801153 -4.66409418004 -4.44800827468 -2.58843132596 -2.18033454019 -2.27500569512 -1.26711112481 -1.29366533932 -0.726193794274 -0.852112246635 -0.630926014716 -0.500776680475 -0.591838448599 -0.940877096401 -1.12437822049 -1.25406551475 -0.909961021544 -1.50094593905 -1.23976972525 -0.710705407159 -0.841032887838 -0.557081221544 -0.120689018713 -0.926664728707 -0.174833205737 -1.61117530471 -0.726495513551 -0.767208155934 -1.14956825506 -0.333082088607 -1.04366518823 -0.439922808391 -0.675344829299 -0.983581306692 -0.397243185470 -0.607155127611 -0.294434774662 -0.353957759803 -0.746237693648 -1.26426717104 -1.07060180936 -1.08583035142 -1.17497674021 -0.819365199298 -0.693074866019 -0.870414910140 -1.21373329552 -0.415263425356
# log_qflo:
 -4.79914549988
# log_b:
0.00000000000
# log_Lo:
3.91202300543
# log_cv_edad:
-2.30258509299
# log_Fref:
 1.00500000000 1.00500000000
