# Number of parameters = 140 Objective function value = 4828.16389529349  Maximum gradient component = 5.65051808633636e-05
# log_L50:
 1.38723454362699
# log_sigma1:
 -0.734115858445712
# log_sigma2:
 9.20000000000000
# log_Ro:
4.45453454563
# dev_log_Ro:
 0.0136835650565 0.0152752630586 0.0172547767711 0.0197120443640 0.0227682774363 0.0265183777678 0.0310870527863 0.0367703777880 0.0436058573814 0.0523848958950 0.0619135166705 0.0721807573034 0.0833721817497 0.0947781155957 0.108096944009 0.122638918464 0.135441337431 0.152029766373 0.168401891859 0.191948418560 0.226433973699 0.285616562073 0.408765543757 0.576828373089 0.639302291763 0.248820951701 -0.307187081625 0.336989434217 0.0933305385301 -0.512826414374 -0.119010106738 -0.128661635932 -0.248637137808 -0.228498440273 0.232840962284 -0.153865781959 0.0130131867606 0.250513804571 -0.447821904530 -0.466648540584 -0.969645022014 -0.0700805652718 0.221449781414 0.208114330369 0.115949064683 0.559609704131 -0.140764651342 0.224373378545 -0.456059114989 -0.265279905618 -0.410986382394 -0.142320965871 -0.160486485880 -0.00175893149952 -0.431062610120 -0.195285800194 0.361948245388 -0.112662612304 -0.515239781444 0.00394540882790 0.00708200064191
# dev_log_No:
 0.00527904191626 0.00420723571341 0.00332805640729 0.00261467757861 0.00204234908850 0.00158691306406 0.00122717244033 0.000943602303323 0.000722939411233 0.000551573975564 0.000419012966368 0.00129172485854
# log_F:
 -10.8311669993 -10.1383925392 -10.8321302856 -10.1405496981 -10.8354252932 -10.1441679064 -10.1462170218 -6.74675131464 -5.61575211931 -4.26567457560 -3.99661345580 -2.99972447158 -4.88887227316 -7.01804332684 -4.66451658666 -4.44813793456 -2.58822852802 -2.17960583892 -2.27348694565 -1.26445481822 -1.28889991316 -0.717879997642 -0.837792220079 -0.608275102157 -0.466634295996 -0.546413017204 -0.887882037955 -1.08104119965 -1.21751699472 -0.876444216915 -1.46325026345 -1.21558736580 -0.685675135271 -0.815355004954 -0.530937368474 -0.0826532300271 -0.882375557658 -0.126284194463 -1.56810616740 -0.683118342626 -0.731054912050 -1.11292559713 -0.296068157535 -0.993470588308 -0.386030601366 -0.627101007811 -0.942865689191 -0.353304629659 -0.569020693052 -0.258978980554 -0.312402622028 -0.697212618083 -1.21518184646 -1.02445460887 -1.03838548926 -1.13241829686 -0.778199293803 -0.650471729309 -0.824786288832 -1.16226564663 -0.377952430016
# log_qflo:
 -4.75411315013
# log_b:
0.00000000000
# log_Lo:
3.91202300543
# log_cv_edad:
-2.30258509299
# log_Fref:
 1.00500000000 1.00500000000
