# Number of parameters = 140 Objective function value = 4827.77281731276  Maximum gradient component = 6.35727852665257e-05
# log_L50:
 1.38713711276562
# log_sigma1:
 -0.757882493092509
# log_sigma2:
 9.20000000000000
# log_Ro:
4.47595521067
# dev_log_Ro:
 0.0138748377881 0.0155381309017 0.0176072562135 0.0201772540195 0.0233738335746 0.0272993310395 0.0320840019697 0.0380402679201 0.0452102693362 0.0544346411011 0.0644541295186 0.0753082228712 0.0872005102818 0.0993993213776 0.113751491444 0.129545176775 0.143571107959 0.162096838128 0.180800962855 0.208104079916 0.247678178352 0.310629462528 0.434351950254 0.616085474413 0.630253202840 0.222075803708 -0.342252535315 0.367078577671 0.0305197453524 -0.516872717163 -0.126551475681 -0.140298376981 -0.241619294515 -0.210564193123 0.242235123182 -0.173202976716 0.0400013135348 0.220163060951 -0.456742258693 -0.513124201732 -0.927827936725 -0.0430219532413 0.218921021648 0.194213415283 0.126005648424 0.537236313245 -0.177092096338 0.213976198153 -0.456107117502 -0.252037899729 -0.405918754439 -0.125185120623 -0.170976291398 -0.0120788798284 -0.453822129568 -0.185923958284 0.399503281301 -0.204402827983 -0.479132767109 0.00496778691831 0.00698853993670
# dev_log_No:
 0.00550580747966 0.00438585411152 0.00346767865913 0.00272321764824 0.00212636309068 0.00165171691234 0.00127649219335 0.000981849262814 0.000752163004430 0.000573615130763 0.000435746507115 0.00134346498117
# log_F:
 -10.8290422446 -10.1362856517 -10.8300372647 -10.1384828501 -10.8333885914 -10.1421697249 -10.1442685197 -6.74486592498 -5.61394715106 -4.26396530227 -3.99504259493 -2.99831709048 -4.88778686965 -7.01731719667 -4.66416395714 -4.44822024942 -2.58881378495 -2.18099791985 -2.27608517117 -1.26880479657 -1.29649194063 -0.730919545953 -0.859996451992 -0.643105629523 -0.518680508380 -0.615032667298 -0.967884695617 -1.14622335233 -1.27258992923 -0.926972399785 -1.51989605585 -1.25212397564 -0.723528527633 -0.854209953022 -0.570611152523 -0.140462273347 -0.949590931318 -0.199807104832 -1.63322148608 -0.748694154100 -0.785756025398 -1.16842465055 -0.352255568176 -1.06972147009 -0.467626839779 -0.699994952237 -1.00442275476 -0.420009333878 -0.626481575269 -0.312874557808 -0.375388589139 -0.771518801380 -1.28942071946 -1.09431800608 -1.11012703974 -1.19688461177 -0.840508939654 -0.715056646780 -0.893823423536 -1.23962838847 -0.434775093813
# log_qflo:
 -4.82226687782
# log_b:
0.00000000000
# log_Lo:
3.91202300543
# log_cv_edad:
-2.30258509299
# log_Fref:
 1.00500000000 1.00500000000
