# Number of parameters = 140 Objective function value = 4828.02198853783  Maximum gradient component = 3.65372364709683e-05
# log_L50:
 1.38721265915792
# log_sigma1:
 -0.741847373171752
# log_sigma2:
 9.20000000000000
# log_Ro:
4.46144994667
# dev_log_Ro:
 0.0137588589577 0.0153752897968 0.0173854468385 0.0198815740989 0.0229860125727 0.0267962383406 0.0314389514017 0.0372159444793 0.0441656876313 0.0530968641501 0.0627923037383 0.0732584140534 0.0846857311669 0.0963569523000 0.110019629600 0.124976187533 0.138182528515 0.155401697574 0.172528456217 0.197289918176 0.233429219954 0.293955719901 0.417517792047 0.589702766712 0.636944475083 0.240052540564 -0.318869640578 0.347410800812 0.0727229242670 -0.514149947276 -0.121448767738 -0.132608210923 -0.246701922183 -0.222633398663 0.235905053337 -0.160034383443 0.0220450191165 0.240573454719 -0.450788896376 -0.482122657426 -0.956579579097 -0.0610810712850 0.220786983322 0.203562026540 0.118783455931 0.552762424808 -0.153375722260 0.220931928254 -0.456441489620 -0.260845034287 -0.409503236747 -0.136639688806 -0.164094566925 -0.00511849061651 -0.438847159059 -0.192488950121 0.375000015133 -0.143216603794 -0.503483456425 0.00433456803684 0.00705901796952
# dev_log_No:
 0.00535738916437 0.00426884955389 0.00337598810362 0.00265242602446 0.00207157456599 0.00160948636229 0.00124407702638 0.000957158229708 0.000733142559596 0.000559115408961 0.000424803821350 0.00130947463754
# log_F:
 -10.8302640946 -10.1374957690 -10.8312385024 -10.1396680356 -10.8345551560 -10.1433120912 -10.1453792792 -6.74593605265 -5.61496484489 -4.26491944285 -3.99590375662 -2.99906608260 -4.88831969646 -7.01761436542 -4.66421596369 -4.44798499281 -2.58824044016 -2.17987495809 -2.27414422300 -1.26566633301 -1.29114061868 -0.721854107836 -0.844718268929 -0.619322761984 -0.483431794972 -0.568964692178 -0.914209825638 -1.10265132341 -1.23570927052 -0.893120859270 -1.48206305134 -1.22759347923 -0.698090078845 -0.828084840506 -0.543862020476 -0.101426608502 -0.904264988814 -0.150328291203 -1.58947442508 -0.704639279431 -0.748979525424 -1.13107292887 -0.314359136378 -1.01825556889 -0.412725585012 -0.651049786203 -0.963067748572 -0.375011051762 -0.588007762026 -0.276474402545 -0.332968669965 -0.721473241316 -1.23952549674 -1.04731856330 -1.06192049040 -1.15349255595 -0.798600083664 -0.671551186940 -0.847409064963 -1.18794355034 -0.396329812422
# log_qflo:
 -4.77643194168
# log_b:
0.00000000000
# log_Lo:
3.91202300543
# log_cv_edad:
-2.30258509299
# log_Fref:
 1.00500000000 1.00500000000
