# Number of parameters = 140 Objective function value = 4827.93608985057  Maximum gradient component = 4.09207402309210e-05
# log_L50:
 1.38642003119382
# log_sigma1:
 -0.900458622481002
# log_sigma2:
 9.20000000000000
# log_Ro:
4.61197181890
# dev_log_Ro:
 0.0134507471071 0.0153391987036 0.0176929790509 0.0206215507693 0.0242711306224 0.0287662329113 0.0342653765525 0.0411343635387 0.0494465045770 0.0602084250617 0.0719866210672 0.0850933008089 0.0998291316232 0.115480818524 0.134535990824 0.156374513775 0.176595514269 0.205843013494 0.238550586465 0.287605922775 0.355577236959 0.418605547255 0.519214157210 0.809684264122 0.490016962384 0.0803225661095 -0.501742096709 0.445119470719 -0.284372133467 -0.545688857105 -0.166606963496 -0.179401086163 -0.149972938503 -0.117261677077 0.283875879988 -0.301251336164 0.155232555121 0.0608646019771 -0.503787391425 -0.719663128169 -0.616708429154 0.0633934902025 0.184849173263 0.128882796821 0.210194246298 0.362714442231 -0.291357006950 0.170354108596 -0.418370741457 -0.190811359898 -0.357460280838 -0.0411151046513 -0.205843280697 -0.0680140097211 -0.531547817254 -0.101024175907 0.505824172967 -0.571311341334 -0.269824029573 0.00561450501965 0.00570308595192
# dev_log_No:
 0.00619250365673 0.00492103115093 0.00388211083944 0.00304265760981 0.00237151226326 0.00183897615571 0.00141936778836 0.00109045584358 0.000834513631382 0.000636015416573 0.000482858521165 0.00148869616129
# log_F:
 -10.8516126446 -10.1589131723 -10.8526885832 -10.1610932707 -10.8559685259 -10.1647532169 -10.1669027137 -6.76762228489 -5.63694400416 -4.28743098054 -4.01933279234 -3.02396627129 -4.91521896670 -7.04580721441 -4.69379044110 -4.47944413681 -2.62286791557 -2.22070735411 -2.32354029961 -1.32903225754 -1.37936530419 -0.850623034606 -1.03487539649 -0.885120100042 -0.834103756887 -0.976074810516 -1.38013416475 -1.46729408397 -1.55328498766 -1.18876694458 -1.79316399702 -1.44910122171 -0.930672183601 -1.07150143218 -0.804176068111 -0.485107133219 -1.33602143243 -0.602419164923 -1.98677967374 -1.10108788004 -1.08934960131 -1.47978427014 -0.679263787121 -1.51555603569 -0.910458481978 -1.08945293994 -1.34139066629 -0.796605234265 -0.930061616227 -0.630841979990 -0.733962749609 -1.18799810892 -1.69408415725 -1.48055583605 -1.49925671546 -1.55665039725 -1.18605942512 -1.07971237065 -1.27643073037 -1.61994814689 -0.775334646369
# log_qflo:
 -5.19734585658
# log_b:
0.00000000000
# log_Lo:
3.91202300543
# log_cv_edad:
-2.30258509299
# log_Fref:
 1.00500000000 1.00500000000
