# Number of parameters = 140 Objective function value = 4828.31611971007  Maximum gradient component = 6.38478343547096e-05
# log_L50:
 1.38724232499253
# log_sigma1:
 -0.726578088729285
# log_sigma2:
 9.20000000000000
# log_Ro:
4.44782850543
# dev_log_Ro:
 0.0135966230421 0.0151630312556 0.0171107840383 0.0195283877899 0.0225344413323 0.0262231423521 0.0307156141755 0.0363029442656 0.0430215125102 0.0516451219994 0.0610030188092 0.0710696606333 0.0820228929341 0.0931625679090 0.106137133633 0.120267889373 0.132671986836 0.148640427883 0.164282566663 0.186652379977 0.219529714163 0.277292035034 0.399817187561 0.564168024931 0.641049073790 0.257437690967 -0.295521967099 0.326213558874 0.113579376543 -0.511506625107 -0.116645613925 -0.124659781487 -0.250189764394 -0.234245516342 0.229852913260 -0.147953781632 0.00395940179885 0.260274323896 -0.444849229387 -0.451214021564 -0.981863779472 -0.0790289977057 0.221945308070 0.212567522013 0.113662204430 0.565856155733 -0.127658846606 0.227776620138 -0.455301376054 -0.269737680186 -0.412265601989 -0.147969140605 -0.156772351264 0.00152078677356 -0.423089899847 -0.197767945578 0.348410159676 -0.0823074045408 -0.526716770770 0.00350517231912 0.00709673817250
# dev_log_No:
 0.00519843451368 0.00414336089007 0.00327780767461 0.00257587605639 0.00201236119290 0.00156371966345 0.00120921525739 0.000930205646448 0.000712571509760 0.000543534447209 0.000412891569336 0.00127308917805
# log_F:
 -10.8322485930 -10.1394678046 -10.8332002350 -10.1416081427 -10.8364707679 -10.1451975483 -10.1472271226 -6.74773745795 -5.61670906418 -4.26659901096 -3.99749300007 -3.00055549453 -4.88959883488 -7.01864261525 -4.66498403754 -4.44845524609 -2.58838348268 -2.17951420306 -2.27302002755 -1.26346130217 -1.28692497159 -0.714249711291 -0.831310896922 -0.597762877656 -0.450372926435 -0.524185430549 -0.861892010539 -1.05954673731 -1.19948478684 -0.859923410229 -1.44451100607 -1.20374371872 -0.673453051814 -0.802833442816 -0.518292502187 -0.0643477424557 -0.860980390160 -0.102691976845 -1.54705830616 -0.661925841283 -0.713419836863 -1.09511389988 -0.278190952718 -0.969288350790 -0.359832549513 -0.603490100410 -0.922959613900 -0.332113342027 -0.550176045598 -0.241934309693 -0.292241235416 -0.673442701315 -1.19122286567 -1.00199667591 -1.01521416919 -1.11174051728 -0.758149012097 -0.629823136195 -0.802528165452 -1.13671092686 -0.360106863765
# log_qflo:
 -4.73217636865
# log_b:
0.00000000000
# log_Lo:
3.91202300543
# log_cv_edad:
-2.30258509299
# log_Fref:
 1.00500000000 1.00500000000
