# Number of parameters = 140 Objective function value = 4827.47326308772  Maximum gradient component = 3.48636671831220e-05
# log_L50:
 1.38658211041689
# log_sigma1:
 -0.851916943504263
# log_sigma2:
 9.20000000000000
# log_Ro:
4.56557656891
# dev_log_Ro:
 0.0137820791648 0.0156266751534 0.0179243392874 0.0207822048016 0.0243415410876 0.0287202991465 0.0340716867092 0.0407495094325 0.0488165272637 0.0592463618815 0.0706267863359 0.0831890181286 0.0972044671078 0.111929919446 0.129684791376 0.149780054725 0.168161091835 0.194061198079 0.222230129857 0.264466509985 0.323644559384 0.390416541663 0.501010914040 0.756203716502 0.548566926949 0.123818354431 -0.457416080970 0.435264475208 -0.193370816192 -0.535276476485 -0.155267095795 -0.171844344678 -0.187662318643 -0.144881294084 0.274436604637 -0.258435167779 0.124953967996 0.108749159678 -0.489011549401 -0.664291200545 -0.726352368447 0.0398790345536 0.197983322630 0.146427436256 0.183757823980 0.423290983658 -0.266898289541 0.180885295206 -0.434769982507 -0.208532190109 -0.375497167791 -0.0660042789278 -0.198264174680 -0.0511567155005 -0.514785857757 -0.132510631396 0.486712944117 -0.482966853465 -0.338304801971 0.00590921038738 0.00619319458668
# dev_log_No:
 0.00606542769236 0.00482356009579 0.00380787287226 0.00298609139843 0.00232868694289 0.00180677812131 0.00139477018743 0.00107226017373 0.000820731135452 0.000625570736474 0.000474965920539 0.00146454603011
# log_F:
 -10.8382449503 -10.1455341398 -10.8393094812 -10.1477523918 -10.8426642085 -10.1514768486 -10.1536421479 -6.75435568188 -5.62362980171 -4.27397087324 -4.00559279272 -3.00970499230 -4.90038605309 -7.03079864675 -4.67858056669 -4.46386596904 -2.60637624265 -2.20220758823 -2.30240321200 -1.30332348102 -1.34573593589 -0.804384402859 -0.970887149557 -0.800993159489 -0.730871926682 -0.865169511178 -1.25623969716 -1.37204679097 -1.46834590084 -1.10855351371 -1.71313543023 -1.38738491629 -0.865238236356 -1.00170509929 -0.727240399291 -0.371623646860 -1.21162339397 -0.476839037385 -1.87586470342 -0.991504463665 -0.992671489244 -1.38031384774 -0.573089579106 -1.37094389086 -0.773131886916 -0.968559203768 -1.23493697835 -0.677869917700 -0.834852690796 -0.527134182627 -0.618583500433 -1.05583831273 -1.56705465255 -1.35856277267 -1.37744392480 -1.44248010142 -1.07641386764 -0.963388626762 -1.15488396819 -1.50623062929 -0.664626306652
# log_qflo:
 -5.07910442983
# log_b:
0.00000000000
# log_Lo:
3.91202300543
# log_cv_edad:
-2.30258509299
# log_Fref:
 1.00500000000 1.00500000000
