# Number of parameters = 140 Objective function value = 4827.55289174162  Maximum gradient component = 2.25976138297834e-05
# log_L50:
 1.38653554198187
# log_sigma1:
 -0.863177015931075
# log_sigma2:
 9.20000000000000
# log_Ro:
4.57649777940
# dev_log_Ro:
 0.0137141471481 0.0155713348721 0.0178853311429 0.0207634552198 0.0243482880345 0.0287600817272 0.0341532072373 0.0408846417435 0.0490196056297 0.0595416551375 0.0710306298849 0.0837375057956 0.0979414355533 0.112904226408 0.130989380132 0.151520153510 0.170357503289 0.197074152151 0.226339908457 0.270249200399 0.331585249043 0.397734670951 0.505942389294 0.770076658391 0.535361225778 0.113194633622 -0.468609601373 0.438771827773 -0.216223292078 -0.537721105569 -0.158191583541 -0.174078074888 -0.179217714766 -0.137995633417 0.277174529259 -0.268761914614 0.132773129343 0.0969091743949 -0.492596457384 -0.678545781306 -0.700512095714 0.0465088591628 0.194916323322 0.141889224965 0.190449462134 0.408826881687 -0.273542285898 0.178038909347 -0.431048829157 -0.204144094059 -0.371305733781 -0.0598649523943 -0.200334487584 -0.0553435907653 -0.519423636023 -0.125199545356 0.492276576065 -0.506478963539 -0.322014248352 0.00585962551982 0.00607842803396
# dev_log_No:
 0.00610239813115 0.00485245501810 0.00383000532877 0.00300301300750 0.00234170206769 0.00181657570310 0.00140219857076 0.00107768408475 0.000824813541982 0.000628726822306 0.000477446388343 0.00147201869934
# log_F:
 -10.8409575130 -10.1482499491 -10.8420257565 -10.1504610207 -10.8453657039 -10.1541734997 -10.1563371195 -6.75705428618 -5.62634176399 -4.27671782983 -4.00840538143 -3.01263557708 -4.90345380379 -7.03392141254 -4.68176441236 -4.46714957985 -2.60987867812 -2.20617746467 -2.30699595929 -1.30898028505 -1.35325327513 -0.814891903723 -0.985700102316 -0.820805698545 -0.755636853556 -0.892202575766 -1.28679612403 -1.39552748172 -1.48915543190 -1.12811433475 -1.73293397468 -1.40232307846 -0.881029343314 -1.01843712475 -0.745549247790 -0.398688328033 -1.24153877152 -0.507404369888 -1.90272908748 -1.01813658018 -1.01595896136 -1.40425958379 -0.598547729902 -1.40566801686 -0.806602988734 -0.997951609598 -1.26065437934 -0.706703612757 -0.857830139169 -0.551961916574 -0.646307135482 -1.08777844358 -1.59783100559 -1.38807130823 -1.40698162929 -1.47005668757 -1.10287704001 -0.991447954894 -1.18421107761 -1.53411297156 -0.691261041919
# log_qflo:
 -5.10771984792
# log_b:
0.00000000000
# log_Lo:
3.91202300543
# log_cv_edad:
-2.30258509299
# log_Fref:
 1.00500000000 1.00500000000
