# Number of parameters = 140 Objective function value = 4828.81302017795  Maximum gradient component = 6.69537543167390e-05
# log_L50:
 1.38632752397879
# log_sigma1:
 -0.963066380296712
# log_sigma2:
 9.20000000000000
# log_Ro:
4.66663379673
# dev_log_Ro:
 0.0129661360992 0.0148789602079 0.0172646317577 0.0202348024239 0.0239378460640 0.0285036642651 0.0340973662817 0.0410903970472 0.0495683817546 0.0605553036272 0.0726255432644 0.0861719965033 0.101527766494 0.118029966835 0.138316829627 0.161879881172 0.183965705399 0.216740709266 0.254323828914 0.310315885267 0.387406222044 0.443551930388 0.534802307826 0.854008557843 0.417076223144 0.0339016687998 -0.544926083778 0.443151640755 -0.373083082405 -0.557430749879 -0.176323725974 -0.182724674357 -0.100917980006 -0.0899809235025 0.287352243607 -0.346567438422 0.182531531969 0.0119053648472 -0.519615505723 -0.769454902052 -0.491477475092 0.0779226965566 0.169371793969 0.113337193534 0.234202236589 0.296157858404 -0.310623936244 0.162485853487 -0.398136051126 -0.172436773487 -0.335978611079 -0.0152116618946 -0.211578294139 -0.0848723910536 -0.543320642945 -0.0634414192732 0.516820073310 -0.644508764352 -0.190634041977 0.00512370692344 0.00514042249098
# dev_log_No:
 0.00625409356424 0.00496706130880 0.00391584030659 0.00306741830686 0.00238927424316 0.00185187494250 0.00142877203662 0.00109735270177 0.000839243041073 0.000639582531164 0.000485602789785 0.00149669156961
# log_F:
 -10.8727098987 -10.1800170243 -10.8737868410 -10.1821336159 -10.8769514476 -10.1856859314 -10.1877957349 -6.78849866988 -5.65785309520 -4.30850666767 -4.04074305889 -3.04604810129 -4.93794184961 -7.06857396223 -4.71663082509 -4.50256135725 -2.64701349359 -2.24727063748 -2.35316246496 -1.36413504152 -1.42372313863 -0.909300274856 -1.11247164601 -0.982881824084 -0.948975665078 -1.09578969100 -1.50821161229 -1.56681926988 -1.64352280207 -1.27511636597 -1.87624335715 -1.51692559489 -1.00320097772 -1.15027460245 -0.892405778960 -0.614090543863 -1.47430957838 -0.737338731743 -2.10805872597 -1.21982095839 -1.19663599734 -1.59029439679 -0.798097095985 -1.67627558291 -1.05789675963 -1.22027870219 -1.45857044093 -0.924879256675 -1.03568423027 -0.747578008553 -0.862617032115 -1.33296595639 -1.83274040006 -1.61420780193 -1.63194607738 -1.68218152998 -1.30697561555 -1.20793800706 -1.41042907801 -1.74093789696 -0.897611608631
# log_qflo:
 -5.32673575122
# log_b:
0.00000000000
# log_Lo:
3.91202300543
# log_cv_edad:
-2.30258509299
# log_Fref:
 1.00500000000 1.00500000000
