# Number of parameters = 140 Objective function value = 4827.44020859187  Maximum gradient component = 2.66276985610060e-05
# log_L50:
 1.38691793472581
# log_sigma1:
 -0.792344115847942
# log_sigma2:
 9.20000000000000
# log_Ro:
4.50802360288
# dev_log_Ro:
 0.0139696026161 0.0157165575770 0.0178911813542 0.0205936385027 0.0239568219670 0.0280890996445 0.0331310820766 0.0394136767835 0.0469860511626 0.0567494312170 0.0673689088140 0.0789570609864 0.0917444291547 0.104981367125 0.120709374478 0.138205249111 0.153925088937 0.175228041620 0.197392993148 0.230234015725 0.277182994838 0.343595536724 0.464805226458 0.671116297639 0.607971990885 0.184441531577 -0.388855660483 0.400966905452 -0.0571443821248 -0.523034744835 -0.137580788707 -0.154573436497 -0.226157277682 -0.185204864029 0.255422008037 -0.203246649860 0.0751890858144 0.177332963192 -0.468984308353 -0.574839423147 -0.859260214318 -0.00747205756303 0.212852000724 0.174953510164 0.145779367904 0.498781205959 -0.218530565552 0.200096299777 -0.451282373225 -0.234605572275 -0.396252543755 -0.101922747037 -0.183334565626 -0.0269390370627 -0.481177159135 -0.168764888537 0.441514850689 -0.323614022257 -0.426948326213 0.00572603242854 0.00675412801267
# dev_log_No:
 0.00576784929424 0.00459187891055 0.00362796514680 0.00284774659164 0.00222263487155 0.00172553130344 0.00133324788541 0.00102555731510 0.000784996621784 0.000598455958123 0.000454516442751 0.00140144084258
# log_F:
 -10.8293002437 -10.1365647032 -10.8303298703 -10.1387908145 -10.8337161990 -10.1425277055 -10.1446714211 -6.74533277341 -5.61450466456 -4.26464890638 -3.99592453260 -2.99947034148 -4.88939475895 -7.01934313393 -4.66662772690 -4.45122120332 -2.59253018624 -2.18597397216 -2.28288274238 -1.27839942240 -1.31119035031 -0.754117045705 -0.896891177301 -0.697994575178 -0.596110892715 -0.711020453024 -1.07930568477 -1.23483822961 -1.34846501320 -0.996899499932 -1.59633736038 -1.30348140917 -0.777063606026 -0.909456738057 -0.628189523220 -0.225122636237 -1.04689132454 -0.304540833733 -1.72512817122 -0.841070324444 -0.863468765470 -1.24774638974 -0.433835516934 -1.18086429012 -0.583571874267 -0.802348039211 -1.09141758701 -0.516524964204 -0.706013030198 -0.391725052895 -0.465926544759 -0.878076127056 -1.39444648100 -1.19379434084 -1.21143884648 -1.28903134055 -0.929178301283 -0.807851128196 -0.991903893755 -1.34430138103 -0.518935724591
# log_qflo:
 -4.91910412248
# log_b:
0.00000000000
# log_Lo:
3.91202300543
# log_cv_edad:
-2.30258509299
# log_Fref:
 1.00500000000 1.00500000000
