# Number of parameters = 140 Objective function value = 4827.38113166242  Maximum gradient component = 5.46527102860570e-05
# log_L50:
 1.38668545220796
# log_sigma1:
 -0.830717482876690
# log_sigma2:
 9.20000000000000
# log_Ro:
4.54495167659
# dev_log_Ro:
 0.0138871550346 0.0157032849908 0.0179648573650 0.0207771428509 0.0242783038454 0.0285844834197 0.0338435563112 0.0404035115440 0.0483211972501 0.0585499630764 0.0696973853126 0.0819542773775 0.0955776924556 0.109818182770 0.126905438872 0.146130112327 0.163608714925 0.187918996426 0.213976053697 0.252946520229 0.307905172057 0.375311923630 0.490242892631 0.727944161120 0.572095915879 0.144602216202 -0.434811922748 0.426275048623 -0.147661618137 -0.530735308442 -0.149339364247 -0.166770860490 -0.202731429428 -0.158546900947 0.268458337966 -0.238697068693 0.108871164591 0.132112314115 -0.482062516197 -0.635123656363 -0.774841290036 0.0253564792195 0.203646767381 0.155739367506 0.170489476627 0.450690335276 -0.252460922977 0.186934229389 -0.441413932527 -0.217254008050 -0.383250668216 -0.0781389084695 -0.193767474901 -0.0428843933135 -0.504654929600 -0.146032226012 0.473945895790 -0.433179244514 -0.369464120545 0.00594866952247 0.00640556724651
# dev_log_No:
 0.00597995868490 0.00475715732047 0.00375652163812 0.00294690389163 0.00229858610131 0.00178400234094 0.00137767207900 0.00105897409107 0.000810683853667 0.000618072508578 0.000469382293996 0.00144719468464
# log_F:
 -10.8339439487 -10.1412258548 -10.8349991566 -10.1434534369 -10.8383754042 -10.1471934999 -10.1493576846 -6.75005955943 -5.61930390647 -4.26957728924 -4.00107549856 -3.00497355907 -4.89539055447 -7.02567292267 -4.67331301827 -4.45838484861 -2.60047465683 -2.19543452904 -2.29445209244 -1.29339145100 -1.33231136254 -0.785301755706 -0.943482563351 -0.763705456539 -0.683359549162 -0.812326279675 -1.19601166457 -1.32565618651 -1.42748463150 -1.07030684055 -1.67386301760 -1.35838271709 -0.834661311502 -0.969500102573 -0.692277947923 -0.319890533071 -1.15399497154 -0.417318172517 -1.82371343634 -0.939642755280 -0.947695915096 -1.33410256014 -0.524193080800 -1.30420577200 -0.707826744455 -0.911299406048 -1.18513618803 -0.621872755704 -0.790321027916 -0.479508232195 -0.565197730624 -0.994018389528 -1.50731045811 -1.30138130578 -1.32005342514 -1.38912079238 -1.02522735448 -0.909179257589 -1.09818606110 -1.45135300548 -0.613396543567
# log_qflo:
 -5.02362324509
# log_b:
0.00000000000
# log_Lo:
3.91202300543
# log_cv_edad:
-2.30258509299
# log_Fref:
 1.00500000000 1.00500000000
