# Number of parameters = 140 Objective function value = 4827.66746960271  Maximum gradient component = 5.45304741439613e-05
# log_L50:
 1.38708807143811
# log_sigma1:
 -0.766188561721665
# log_sigma2:
 9.20000000000000
# log_Ro:
4.48356979757
# dev_log_Ro:
 0.0139154757447 0.0156010602037 0.0176982008600 0.0203031647142 0.0235440270541 0.0275238700727 0.0323762679015 0.0384186933738 0.0456941500392 0.0550596622767 0.0652352406495 0.0762782536283 0.0883987760318 0.100859688118 0.115556648216 0.131772698245 0.146215464963 0.165413563879 0.184944514518 0.213575710539 0.254931054883 0.318939949139 0.442395015368 0.629579528570 0.625848332806 0.212874176874 -0.353936423707 0.376270646196 0.00897187505960 -0.518303386248 -0.129211729560 -0.144021476977 -0.238440352655 -0.204368822718 0.245483821751 -0.180231738751 0.0489044480792 0.209700192772 -0.459748146611 -0.528616578682 -0.912100506578 -0.0340157897949 0.217702511955 0.189446068704 0.130336209257 0.528548338435 -0.188194130634 0.210484211737 -0.455407049540 -0.247660866741 -0.403814814214 -0.119413833724 -0.174244375768 -0.0156789226525 -0.460997073583 -0.182144394269 0.410902149886 -0.234778573148 -0.466532877610 0.00521687535033 0.00694132631365
# dev_log_No:
 0.00557559995931 0.00444057933081 0.00351049629835 0.00275669449821 0.00215230192021 0.00167152156823 0.00129184993102 0.000993569304155 0.000760938872077 0.000580147322445 0.000440824016742 0.00135916895185
# log_F:
 -10.8287485337 -10.1359974604 -10.8297529665 -10.1382044810 -10.8331173347 -10.1419083209 -10.1440206334 -6.74463624222 -5.61374187202 -4.26379153829 -3.99491669677 -2.99825268159 -4.88783316632 -7.01747503110 -4.66443814982 -4.44863361963 -2.58940074691 -2.18187860348 -2.27739696110 -1.27076311314 -1.29963774673 -0.736051848092 -0.868392640543 -0.655881426760 -0.537154874754 -0.638547691851 -0.995232559373 -1.16818883112 -1.29128698842 -0.944163192947 -1.53891109065 -1.26466392040 -0.736567320388 -0.867627812264 -0.584468669845 -0.160768838383 -0.973060024090 -0.225257890885 -1.65562610866 -0.771242698351 -0.804639177468 -1.18765569627 -0.371898378310 -1.09644679700 -0.495841142526 -0.725009749824 -1.02560912307 -0.443316300056 -0.646007856406 -0.331808376391 -0.397280721647 -0.797329660430 -1.31500042474 -1.11848112341 -1.13482294549 -1.21922977677 -0.862046239931 -0.737510483110 -0.917655001089 -1.26562716595 -0.454883592746
# log_qflo:
 -4.84580948917
# log_b:
0.00000000000
# log_Lo:
3.91202300543
# log_cv_edad:
-2.30258509299
# log_Fref:
 1.00500000000 1.00500000000
