# Number of parameters = 140 Objective function value = 4828.11458623393  Maximum gradient component = 1.77871350608763e-05
# log_L50:
 1.38639024044666
# log_sigma1:
 -0.914394710133102
# log_sigma2:
 9.20000000000000
# log_Ro:
4.62478701079
# dev_log_Ro:
 0.0133437191747 0.0152401907205 0.0176044149309 0.0205464754380 0.0242130264705 0.0287298324889 0.0342582868352 0.0411648412762 0.0495262556238 0.0603554771273 0.0722169630455 0.0854438719497 0.100345348607 0.116217669593 0.135588732961 0.157861280043 0.178547412193 0.208663028300 0.242563674401 0.293358560971 0.363587139780 0.425167564312 0.523246321521 0.821894468962 0.473050545093 0.0690083079906 -0.512639521252 0.445782474306 -0.306843484137 -0.548528310029 -0.169233628857 -0.180666355613 -0.138840713746 -0.110368677807 0.285441904103 -0.312461223985 0.162357433484 0.0487046826894 -0.507656296808 -0.732719169140 -0.586758126022 0.0679154703176 0.181210208648 0.124785340919 0.216521177483 0.346544850257 -0.296633748639 0.168113522470 -0.413659588832 -0.186293352135 -0.352416504134 -0.0347427558212 -0.207448408860 -0.0722478685037 -0.534972695224 -0.0922071530650 0.509321629571 -0.591013502776 -0.251165946362 0.00550639839169 0.00556852929861
# dev_log_No:
 0.00621399783726 0.00493763727784 0.00389455157026 0.00305194419171 0.00237844478584 0.00184412620318 0.00142310947915 0.00109330626327 0.000836538304341 0.000637555025335 0.000484066518560 0.00149230076467
# log_F:
 -10.8560885619 -10.1633912108 -10.8571657179 -10.1655577467 -10.8604205856 -10.1691948241 -10.1713366976 -6.77205428792 -5.64138550312 -4.29191188969 -4.02389165722 -3.02867760926 -4.92008354466 -7.05069606040 -4.69871050907 -4.48444265592 -2.62811183474 -2.22651453099 -2.33007044788 -1.33684276376 -1.38936083390 -0.864040421683 -1.05293062016 -0.908238943929 -0.861692924287 -1.00507228095 -1.41177596940 -1.49171899675 -1.57529071758 -1.20971354530 -1.81358491331 -1.46541975898 -0.948061792702 -1.09025673924 -0.825072774539 -0.515787935390 -1.36920000774 -0.635234001674 -2.01604476902 -1.12983928117 -1.11509091090 -1.50629016583 -0.707707907135 -1.55416951850 -0.946295230838 -1.12114963965 -1.36959554806 -0.827738424617 -0.955376164857 -0.658709332189 -0.764787540193 -1.22296044941 -1.72757371109 -1.51279548788 -1.53132859273 -1.58689093982 -1.21514855990 -1.11057997162 -1.30868121920 -1.64941337481 -0.804783422279
# log_qflo:
 -5.22857023499
# log_b:
0.00000000000
# log_Lo:
3.91202300543
# log_cv_edad:
-2.30258509299
# log_Fref:
 1.00500000000 1.00500000000
