# Number of parameters = 140 Objective function value = 4828.55231122194  Maximum gradient component = 5.20186254413616e-05
# log_L50:
 1.38634408027652
# log_sigma1:
 -0.945456335353254
# log_sigma2:
 9.20000000000000
# log_Ro:
4.65208312296
# dev_log_Ro:
 0.0131011526196 0.0150100761789 0.0173899873795 0.0203529327183 0.0240464272927 0.0285988396045 0.0341744357813 0.0411432059445 0.0495878270209 0.0605299704395 0.0725379146936 0.0859853238842 0.101196844628 0.117495191235 0.137482054438 0.160617856873 0.182238099177 0.214118481913 0.250459584241 0.304731982616 0.379524248555 0.437647508477 0.530988534862 0.844175257373 0.436532329244 0.0458036419185 -0.534228823593 0.444818320934 -0.351229093097 -0.554412848052 -0.174109131963 -0.182344652626 -0.114341528278 -0.0967087964583 0.287241496322 -0.335174136595 0.176015309793 0.0242172064402 -0.515576555537 -0.757653390003 -0.524082281575 0.0751847362193 0.173481321983 0.117004966135 0.228559497616 0.313226135390 -0.306259373257 0.164171222268 -0.403538326357 -0.177112327431 -0.341677623997 -0.0217939697846 -0.210315149765 -0.0806848065056 -0.540864046818 -0.0734180023479 0.514819124660 -0.627598033002 -0.211632757976 0.00525967658755 0.00528693156242
# dev_log_No:
 0.00624527543679 0.00496049547408 0.00391147914346 0.00306412057930 0.00238753172969 0.00185063642821 0.00142788225248 0.00109668652935 0.000839071274166 0.000639474125883 0.000485309299501 0.00149641788132
# log_F:
 -10.8666029121 -10.1739088307 -10.8676805958 -10.1760436307 -10.8708777588 -10.1796268563 -10.1817488604 -6.78245813086 -5.65180568964 -4.30241520808 -4.03456199272 -3.03968313111 -4.93140936908 -7.06204427882 -4.71009601839 -4.49596690196 -2.64014991073 -2.23976018898 -2.34484461553 -1.35435552984 -1.41149988471 -0.893340663352 -1.09169895339 -0.957101351922 -0.919111237655 -1.06488029873 -1.47581707334 -1.54145514355 -1.62038203259 -1.25285654471 -1.85509346200 -1.49930062710 -0.984289236551 -1.12959928743 -0.869141666040 -0.580229239557 -1.43830164636 -0.702671970655 -2.07664560622 -1.18917058658 -1.16869514400 -1.56150565318 -0.767088943997 -1.63450746719 -1.01997489009 -1.18652460140 -1.42814607070 -0.891851022478 -1.00813598515 -0.717032581969 -0.829071615008 -1.29540701209 -1.79686232948 -1.57958353083 -1.59763543855 -1.64962022140 -1.27556825497 -1.17465847961 -1.37564308325 -1.70986442959 -0.865902376214
# log_qflo:
 -5.29322854293
# log_b:
0.00000000000
# log_Lo:
3.91202300543
# log_cv_edad:
-2.30258509299
# log_Fref:
 1.00500000000 1.00500000000
