# Number of parameters = 140 Objective function value = 4828.47778841696  Maximum gradient component = 6.35778992694376e-05
# log_L50:
 1.38723303776600
# log_sigma1:
 -0.719239531529453
# log_sigma2:
 9.20000000000000
# log_Ro:
4.44132118460
# dev_log_Ro:
 0.0134981743612 0.0150387287421 0.0169536047155 0.0193305106916 0.0222853044323 0.0259106232029 0.0303252224544 0.0358143204459 0.0424128988275 0.0508781723558 0.0600625456389 0.0699257350916 0.0806388530093 0.0915113106148 0.104143078209 0.117865830196 0.129875638784 0.145238773992 0.160172724838 0.181401061052 0.212710697516 0.268990527016 0.390697303287 0.551719552046 0.642220129238 0.265897519263 -0.283881752264 0.315111258535 0.133448388042 -0.510173194801 -0.114353526831 -0.120611921969 -0.251374710808 -0.239872390530 0.226946063708 -0.142283969350 -0.00510502797475 0.269851976872 -0.441859978053 -0.435835064556 -0.993255390522 -0.0879061642183 0.222284159168 0.216909018316 0.111940670250 0.571511705505 -0.114071099378 0.231132420799 -0.454161987533 -0.274220494166 -0.413343996731 -0.153582169182 -0.152956886337 0.00472230238970 -0.414937385923 -0.199942937104 0.334429101445 -0.0522777188466 -0.537912585336 0.00301149747312 0.00710294988704
# dev_log_No:
 0.00511529491937 0.00407767853524 0.00322637377451 0.00253563117108 0.00198127365650 0.00153968907221 0.00119048385582 0.000916146864473 0.000701763725427 0.000535334943173 0.000406671154154 0.00125374393425
# log_F:
 -10.8334977799 -10.1407105110 -10.8344372766 -10.1428322885 -10.8376805116 -10.1463900038 -10.1483985409 -6.74888353214 -5.61782472395 -4.26768177018 -3.99853131222 -3.00154777521 -4.89048788354 -7.01940103409 -4.66560726932 -4.44892598372 -2.58869414078 -2.17958845214 -2.27273140398 -1.26267227076 -1.28520097058 -0.710945958393 -0.825254600077 -0.587764969728 -0.434633949887 -0.502284229835 -0.836237128297 -1.03816730675 -1.18160874225 -0.843551135918 -1.42584909996 -1.19205465426 -0.661416399832 -0.790510530211 -0.505912864130 -0.0464895384232 -0.840063215705 -0.0795421964464 -1.52631842639 -0.641055168487 -0.696059871525 -1.07762605077 -0.260709541201 -0.945687216766 -0.334125364782 -0.580208903816 -0.903334464088 -0.311425531088 -0.531458133138 -0.225325714015 -0.272466539096 -0.650150752515 -1.16763534063 -0.979931133876 -0.992395160387 -1.09144547957 -0.738435829114 -0.609591821643 -0.780617117086 -1.11129455304 -0.342765373410
# log_qflo:
 -4.71060890719
# log_b:
0.00000000000
# log_Lo:
3.91202300543
# log_cv_edad:
-2.30258509299
# log_Fref:
 1.00500000000 1.00500000000
