# Number of parameters = 140 Objective function value = 4827.41629929352  Maximum gradient component = 5.41532111173079e-05
# log_L50:
 1.38663223137609
# log_sigma1:
 -0.841115476156397
# log_sigma2:
 9.20000000000000
# log_Ro:
4.55506823222
# dev_log_Ro:
 0.0138397663898 0.0156707319266 0.0179512259791 0.0207867593862 0.0243180579022 0.0286614538200 0.0339683271588 0.0405892019684 0.0485834838399 0.0589150936392 0.0701825078745 0.0825943153325 0.0964161687840 0.110901016449 0.128322843261 0.147982515657 0.165910575662 0.191008349276 0.218107838127 0.258696130580 0.315748869000 0.382938742891 0.495783442089 0.742135256740 0.560810128644 0.134285813539 -0.446149315762 0.431092138258 -0.170505685545 -0.532947447375 -0.152310675150 -0.169403734169 -0.195493455989 -0.151734657893 0.271518479085 -0.248406852170 0.116983485035 0.120486481274 -0.485500424383 -0.649808574854 -0.751128430443 0.0328134434986 0.200896237943 0.151048307215 0.177088302939 0.437253622598 -0.259876458097 0.183854590446 -0.438227555032 -0.212900556782 -0.379478391506 -0.0720944554459 -0.196075452342 -0.0470012057695 -0.509860481074 -0.139453684881 0.480606978429 -0.458525249889 -0.354109885080 0.00593960398157 0.00630234301151
# dev_log_No:
 0.00602394132673 0.00479176960588 0.00378314284552 0.00296747413868 0.00231447570790 0.00179582026730 0.00138669668419 0.00106610468146 0.000815835096502 0.000621997386842 0.000472395960838 0.00145631929313
# log_F:
 -10.8359139890 -10.1431996573 -10.8369740744 -10.1454233283 -10.8403409220 -10.1491570553 -10.1513225460 -6.75203096861 -5.62129067868 -4.27159755896 -4.00315645592 -3.00715807173 -4.89770539929 -7.02805621964 -4.67577042853 -4.46095133382 -2.60324866801 -2.19863402070 -2.29822959690 -1.29813542676 -1.33876410563 -0.794530082915 -0.956822226002 -0.781965124368 -0.706783169432 -0.838551713968 -1.22597543926 -1.34876079123 -1.44779348455 -1.08928984573 -1.69344921502 -1.37274335223 -0.849788398295 -0.985401574123 -0.709493476746 -0.345368967796 -1.18245075995 -0.446812650248 -1.84953393712 -0.965346060526 -0.969925727533 -1.35693664883 -0.548312766551 -1.33713164273 -0.740209763432 -0.939682079020 -1.20977255649 -0.649593875372 -0.812361480918 -0.502991480051 -0.591556498047 -1.02459205782 -1.53688903016 -1.32967351926 -1.34847535523 -1.41550855668 -1.05053877327 -0.935972753723 -1.12621780742 -1.47865498135 -0.638673692516
# log_qflo:
 -5.05107945255
# log_b:
0.00000000000
# log_Lo:
3.91202300543
# log_cv_edad:
-2.30258509299
# log_Fref:
 1.00500000000 1.00500000000
