# Number of parameters = 140 Objective function value = 4828.31974503796  Maximum gradient component = 1.91084503241287e-05
# log_L50:
 1.38636494016295
# log_sigma1:
 -0.929324685377917
# log_sigma2:
 9.20000000000000
# log_Ro:
4.63814631174
# dev_log_Ro:
 0.0132270906834 0.0151304470442 0.0175031064034 0.0204568811382 0.0241379779994 0.0286740908104 0.0342280396223 0.0411680404541 0.0495734404978 0.0604627987332 0.0724011199725 0.0857419110406 0.100801996126 0.116889883774 0.136571627457 0.159276953742 0.180429896840 0.211423208509 0.246536497840 0.299072598604 0.371576412609 0.431517444007 0.527154973551 0.833430198604 0.455207720348 0.0575041874205 -0.523467677537 0.445688499551 -0.329139319129 -0.551440812323 -0.171739934475 -0.181653061558 -0.126972591057 -0.103511482329 0.286583720694 -0.323786218150 0.169287670008 0.0364863157191 -0.511587852068 -0.745394712190 -0.555864595669 0.0718490317787 0.177423757042 0.120823427358 0.222654672325 0.330035880609 -0.301598437441 0.166049669473 -0.408713960509 -0.181728982460 -0.347156236137 -0.0283033689155 -0.208938785456 -0.0764740844642 -0.538079479541 -0.0830059010361 0.512319213690 -0.609771456737 -0.231788863403 0.00538767672002 0.00542973378465
# dev_log_No:
 0.00623170517727 0.00495073040211 0.00390431436243 0.00305933648612 0.00238383611641 0.00184802648040 0.00142597612955 0.00109537090253 0.000838100883255 0.000638655286433 0.000484900791427 0.00149503184974
# log_F:
 -10.8610744449 -10.1683788745 -10.8621521716 -10.1705302984 -10.8653794168 -10.1741417448 -10.1762744446 -6.77698857812 -5.64632840226 -4.29689558799 -4.02895694863 -3.03390524512 -4.92546892802 -7.05609714137 -4.70413459065 -4.48993924840 -2.63386136675 -2.23285392518 -2.33716002905 -1.34527139770 -1.40005938213 -0.878267150947 -1.07186192517 -0.932226443772 -0.890022992075 -1.03465840432 -1.44367158185 -1.51643097722 -1.59764771385 -1.23106674807 -1.83421827098 -1.48214298416 -0.965922383284 -1.10960857856 -0.846713133329 -0.547479120732 -1.40327994159 -0.668645066343 -2.04598786099 -1.15918903545 -1.14152696934 -1.53351799241 -0.736971695082 -1.59381270096 -0.982788533569 -1.15349499143 -1.39850159620 -0.859479749050 -0.981384488401 -0.687425382579 -0.796476740172 -1.25875163396 -1.76182059796 -1.54579273843 -1.56410951803 -1.61786939959 -1.24497259390 -1.14221788707 -1.34174017401 -1.67937123622 -0.834966702983
# log_qflo:
 -5.26051954927
# log_b:
0.00000000000
# log_Lo:
3.91202300543
# log_cv_edad:
-2.30258509299
# log_Fref:
 1.00500000000 1.00500000000
