# Number of parameters = 123 Objective function value = 13099.0087110210  Maximum gradient component = 0.00177580596966740
# log_L50:
 1.65960909595605 1.58650431577212
# log_sigma1:
 -1.76988964216692 -0.0986856653304734
# log_sigma2:
 9.20000000000000 9.20000000000000
# log_Ro:
3.20813538924
# dev_log_Ro:
 0.0835100845503 0.0939970646336 0.104387807615 0.115308512527 0.127065274286 0.140758451008 0.155354293566 0.169287762668 0.185268531584 0.207969818090 0.228889275337 0.243660216044 0.263519658237 0.300459627346 0.326434787091 0.352406073052 0.383166289852 0.439638427666 0.470709495811 0.537281096359 0.438099150734 0.348878926045 0.371583942701 0.412736666394 0.470701053825 0.474734602961 0.384865606382 0.283743405892 0.178986616205 0.160108962962 0.259026102821 -0.273374308088 -0.584262659163 -0.149906229667 -1.13846159386 -0.953314589861 -0.931071777976 -1.01641316579 0.460931792865 -1.25860441893 -0.108468397397 0.157061494634 -0.0469221771383 0.0480353756325 -0.0855808330372 0.460802167290 -0.305245840591 -0.784918034347 -1.20078261914 0.0839153343959 0.383299168745 -0.377560410218 -0.591999477731 -0.0988599534047 -0.174763578006 -0.242658643399 0.0165857899243
# dev_log_No:
 0.00000000000 0.00000000000 0.00000000000 0.00000000000 0.00000000000 0.00000000000 0.00000000000 0.00000000000 0.00000000000 0.00000000000 0.00000000000 0.00000000000
# log_F:
 -2.43257686948 -2.21456311615 -1.67296181127 -1.42550568355 -1.07178390840 -1.32716858759 -1.25506172834 -1.14148688916 -0.876547675872 -0.748064992266 -1.13523335933 -1.54614189054 -0.405908988991 -0.705295793986 -2.05789149470 -1.58177365589 0.332591300648 -0.176112042330 -0.511427732624 -0.659225545369 0.402840901579 -0.302565629517 -0.273199733618 -0.867096650308 0.699999887099 0.670368600148 0.530508679052 0.368280741866 -0.0348569962663 -0.0672984798817 -0.800495122147 -0.706525545434 -0.350457764985 -0.539403360460 -0.368741376648 -0.00982631647343 -0.735850075373 -0.661840792671 -1.34930494531 -1.46033089082 -1.85731437991 -1.53884246042 -0.432383551854 -1.31391936505 -1.38791226919 -1.91525812848 -2.47353860293 -1.43823878587 -1.17422527394 -1.31409645033 -0.813422337135 -0.397095337719 -0.274593597784 -0.326977527704 -0.499948602054 -1.03587344418 -1.20271106872
# log_qflo:
 -3.13673938900 -3.83926838285 -3.52159557247 -2.81318397555
# log_b:
0.00000000000
# log_Lo:
3.91202300543
# log_cv_edad:
-2.30258509299
