# Number of parameters = 127 Objective function value = 14307.4810329601  Maximum gradient component = 0.00131537622221849
# log_L50:
 1.65988371217261 1.56866510831186
# log_sigma1:
 -1.76373527554747 -0.147859713531845
# log_sigma2:
 9.20000000000000 9.20000000000000
# log_Ro:
3.18283112966
# dev_log_Ro:
 0.0918047143193 0.103157370384 0.114329711206 0.125996432069 0.138449231069 0.152944323272 0.168408240219 0.183105552341 0.199769770186 0.223846491648 0.246179805431 0.261646866334 0.282210585578 0.321787067921 0.349013635635 0.376406469003 0.408401376161 0.470340137857 0.504275679124 0.582241700188 0.465530778034 0.364554222103 0.389205557107 0.433304947339 0.495283376338 0.502421540098 0.410204521724 0.307057383285 0.200570946752 0.181490090352 0.284988916516 -0.248733749612 -0.561562539854 -0.122624920942 -1.11547088500 -0.926999697244 -0.904056693303 -0.996593818224 0.493198292345 -1.23417294048 -0.0975530334582 0.177436200169 -0.00413071456619 0.0449805167745 -0.0544600464789 0.467811656211 -0.267254194258 -0.800899032806 -1.18833255658 0.110102474077 0.378797204287 -0.424858444746 -0.555261400452 -0.507679788012 0.245486548839 -0.00935213683005 -0.972023662359 -0.283641970096 0.0189218930063
# dev_log_No:
 0.00000000000 0.00000000000 0.00000000000 0.00000000000 0.00000000000 0.00000000000 0.00000000000 0.00000000000 0.00000000000 0.00000000000 0.00000000000 0.00000000000
# log_F:
 -2.40627855084 -2.18592203688 -1.64076598724 -1.38795070498 -1.02737978059 -1.27877551598 -1.20569998690 -1.09108638801 -0.823235382646 -0.689941007515 -1.07718275917 -1.49457584034 -0.351295593719 -0.644386012815 -2.00654023693 -1.54145641408 0.390110782333 -0.100921342688 -0.448581154177 -0.609651640524 0.458922220592 -0.252779400954 -0.242269902417 -0.853882662889 0.699999896099 0.674793939085 0.545003522391 0.385643589758 -0.0215542783752 -0.0603511910215 -0.798279889530 -0.706188211511 -0.350352946273 -0.538727512822 -0.368792641189 -0.0122750233334 -0.739419987335 -0.666388518239 -1.35499575940 -1.46641470009 -1.86411350651 -1.54598104366 -0.443852115531 -1.33319696164 -1.40797201997 -1.93395214343 -2.48871507072 -1.44931399435 -1.18798336771 -1.32086583638 -0.816277853038 -0.393492336176 -0.281873742133 -0.321899972404 -0.454000078115 -0.953804392487 -1.05176826210 -0.298510887594 -0.591825424971
# log_qflo:
 -3.14488520261 -3.85489236834 -3.52615646701 -2.80929108750
# log_b:
0.00000000000
# log_Lo:
3.91202300543
# log_cv_edad:
-2.30258509299
