# Number of parameters = 129 Objective function value = 14895.0845106772  Maximum gradient component = 0.00154698736202169
# log_L50:
 1.65915930804623 1.57232791504261
# log_sigma1:
 -1.77934117776606 -0.155202383237022
# log_sigma2:
 9.20000000000000 9.20000000000000
# log_Ro:
3.18480643551
# dev_log_Ro:
 0.0905368251027 0.101852477333 0.112994964871 0.124635327347 0.137067304253 0.151538174462 0.166971710265 0.181641059073 0.198291999864 0.222319438458 0.244591155513 0.260031232984 0.280590015276 0.320056355513 0.347235077719 0.374571374701 0.406549719157 0.468269763733 0.502113294822 0.579611223204 0.463329062948 0.362922104978 0.387470344343 0.431407966332 0.493140393732 0.500161844492 0.408143689634 0.305166330654 0.198813352308 0.179863114922 0.282287773031 -0.255890066509 -0.565619839027 -0.129508700889 -1.12227412010 -0.935491011775 -0.913802060707 -1.00111491510 0.475444569887 -1.25626431546 -0.0947080500198 0.165807719730 0.00718894401675 0.0245575685501 -0.0412205004111 0.472360518677 -0.283857398237 -0.789334245721 -1.20024002806 0.143171392615 0.362096000196 -0.414725835374 -0.560599055267 -0.450691298054 0.237874952896 0.269725583895 -0.439973018254 -0.772318254356 -0.232701373326 0.0179323651615
# dev_log_No:
 0.00000000000 0.00000000000 0.00000000000 0.00000000000 0.00000000000 0.00000000000 0.00000000000 0.00000000000 0.00000000000 0.00000000000 0.00000000000 0.00000000000
# log_F:
 -2.40824821671 -2.18807013798 -1.64318550633 -1.39078240983 -1.03066051167 -1.28216526410 -1.20897280794 -1.09425825283 -0.826434422254 -0.693290825737 -1.08041792433 -1.49735309287 -0.354130747966 -0.647483862622 -2.00910155334 -1.54340815483 0.387415464754 -0.104425617244 -0.451483771909 -0.611906066633 0.456446926854 -0.254994569856 -0.243680319373 -0.854528053456 0.699999895857 0.674816469883 0.544852408135 0.385609346062 -0.0212796280130 -0.0596925293354 -0.797535741689 -0.705458427002 -0.349581933112 -0.537975461251 -0.367793959074 -0.00952638654161 -0.733951168406 -0.659504690547 -1.34689929419 -1.45706052883 -1.85370252611 -1.53484244298 -0.426913056398 -1.30584356388 -1.38105692909 -1.91189801232 -2.46888563501 -1.43116742670 -1.17237351058 -1.30875753120 -0.803718141830 -0.375335378778 -0.265713782363 -0.308158201606 -0.445683521967 -0.949520894058 -1.05836538077 -0.327678196004 -0.748170693579 -0.312257284460
# log_qflo:
 -3.13267786853 -3.83432765557 -3.51366674115 -2.81617643982
# log_b:
0.00000000000
# log_Lo:
3.91202300543
# log_cv_edad:
-2.30258509299
