# Number of parameters = 131 Objective function value = 15492.6488710407  Maximum gradient component = 0.00161793616417966
# log_L50:
 1.65939075935100 1.57623030789466
# log_sigma1:
 -1.77529810216609 -0.160964003138842
# log_sigma2:
 9.20000000000000 9.20000000000000
# log_Ro:
3.18078391514
# dev_log_Ro:
 0.0909488423450 0.102453488491 0.113770163906 0.125578230418 0.138168836349 0.152821060022 0.168446076979 0.183280999109 0.200086888851 0.224413244751 0.246984883906 0.262568734021 0.283291396665 0.323329555982 0.350760071241 0.378386207666 0.410624133328 0.473547785346 0.508017897213 0.588229676174 0.467595553400 0.364816298365 0.389764219936 0.434306823793 0.496847929362 0.504594662510 0.412145208673 0.308811368344 0.202148263249 0.183298221175 0.285757169185 -0.257798840763 -0.564545542728 -0.130356633531 -1.12417093344 -0.938390098646 -0.917930821462 -1.00130590211 0.463651843394 -1.27371172301 -0.0860504019888 0.159989241321 0.0230110563529 0.0109997243070 -0.0230370603153 0.483668158309 -0.294455558486 -0.769209936215 -1.20359289233 0.182232845786 0.351923426287 -0.402186709761 -0.544643961472 -0.428146055325 0.297365826303 0.306855453259 0.00364914193564 -0.612403994746 -0.904386829822 -0.199890767070 0.0170740552102
# dev_log_No:
 0.00000000000 0.00000000000 0.00000000000 0.00000000000 0.00000000000 0.00000000000 0.00000000000 0.00000000000 0.00000000000 0.00000000000 0.00000000000 0.00000000000
# log_F:
 -2.40397291470 -2.18340919235 -1.63793745828 -1.38464659736 -1.02326832225 -1.27380431937 -1.20015934903 -1.08499503803 -0.816375758278 -0.682070422827 -1.06903565821 -1.48713200255 -0.343108371425 -0.635029696234 -1.99857094054 -1.53510433915 0.399597142231 -0.0883655417483 -0.438070312999 -0.601308712721 0.468679783731 -0.244142928046 -0.236955047787 -0.851711733937 0.699999897602 0.676096833117 0.548634982362 0.390290287329 -0.0173650301802 -0.0570902230454 -0.796125939013 -0.704558195886 -0.348689491531 -0.536948837910 -0.366692029558 -0.00711359803970 -0.728780710896 -0.653018246132 -1.33936413682 -1.44821790457 -1.84386006635 -1.52426459816 -0.410894787743 -1.27981404607 -1.35562910155 -1.89130480098 -2.45075167203 -1.41473448740 -1.15879770933 -1.29937726323 -0.794827248097 -0.363049477928 -0.256049234263 -0.301150080571 -0.444950371268 -0.955112361993 -1.07071339939 -0.362801279343 -0.827006569432 -0.535097872031 -0.319944211310
# log_qflo:
 -3.12110083025 -3.81542918290 -3.50438070554 -2.84538356697
# log_b:
0.00000000000
# log_Lo:
3.91202300543
# log_cv_edad:
-2.30258509299
