# Number of parameters = 125 Objective function value = 13714.4482768079  Maximum gradient component = 3.66739940655085e-06
# log_L50:
 1.66001779121167 1.56490467074304
# log_sigma1:
 -1.76066256861704 -0.153726639408112
# log_sigma2:
 9.20000000000000 9.20000000000000
# log_Ro:
3.20657559690
# dev_log_Ro:
 0.0833695829172 0.0939419686229 0.104412316660 0.115411145357 0.127243221930 0.141022417518 0.155711616805 0.169727653049 0.185779758410 0.208622469134 0.229686610581 0.244528570031 0.264448117352 0.301650133169 0.327750224585 0.353858096285 0.384724112070 0.441692999950 0.472957593818 0.540459297278 0.440139956234 0.349819116155 0.372702311988 0.414173690901 0.472587325902 0.476886441373 0.386641447088 0.285245844035 0.180279544131 0.161309111958 0.261639737655 -0.266653115488 -0.580854502078 -0.143304660666 -1.13231696348 -0.945357218421 -0.921908503888 -1.01199173333 0.477532517974 -1.24256847119 -0.120416260653 0.157308553433 -0.0259058026464 0.0211363021136 -0.0783515795035 0.437033934817 -0.286430579153 -0.840222544500 -1.21802667909 0.0675217696619 0.347421955242 -0.459717181740 -0.664535331082 -0.491800030295 -0.0703180280462 0.376038158988 -0.147626779920 0.0158903399936
# dev_log_No:
 0.00000000000 0.00000000000 0.00000000000 0.00000000000 0.00000000000 0.00000000000 0.00000000000 0.00000000000 0.00000000000 0.00000000000 0.00000000000 0.00000000000
# log_F:
 -2.43105770168 -2.21290997917 -1.67110667995 -1.42334518633 -1.06918698620 -1.32414632943 -1.25179489042 -1.13798462372 -0.872695081221 -0.743732007759 -1.13077982581 -1.54208284314 -0.401556242134 -0.700371410409 -2.05365754114 -1.57840512111 0.337332474840 -0.169867446303 -0.506143308124 -0.655022685281 0.407511933816 -0.298388511600 -0.270569478577 -0.865907094603 0.699999887836 0.670538575124 0.531316549323 0.369103461239 -0.0345524160417 -0.0677036795068 -0.801184682532 -0.707231982287 -0.351170227813 -0.540044466555 -0.369708014256 -0.0126561592632 -0.741312578954 -0.668692526328 -1.35734304876 -1.46956589034 -1.86756121068 -1.54980770398 -0.448982183384 -1.34121304783 -1.41508475431 -1.93900120772 -2.49208952864 -1.45091641251 -1.18756681190 -1.31644282284 -0.807735602375 -0.378560516483 -0.262380289702 -0.295775992045 -0.408130628591 -0.879302943953 -0.958686659480 -0.129315425408
# log_qflo:
 -3.14879272598 -3.85829221883 -3.51969359323 -2.72503716215
# log_b:
0.00000000000
# log_Lo:
3.91202300543
# log_cv_edad:
-2.30258509299
