# Number of parameters = 139 Objective function value = 5028.83724874554  Maximum gradient component = 1.45355349010979e-05
# log_L50:
 1.59923371641133
# log_sigma1:
 -0.150126199112949
# log_sigma2:
 9.20000000000000
# log_Ro:
3.00000000000
# dev_log_Ro:
 -1.00986486999 -0.986635076519 -0.958048336178 -0.926495016105 -0.892038180419 -0.856116928646 -0.819246158621 -0.785101003248 -0.774037040842 -0.817391185141 -0.918346318210 -1.09360287359 -1.09206947442 4.96680547037 -1.08868747699 -1.08487513224 -1.07265386060 -1.06492725387 -1.05507933263 -1.04309197575 -1.03048935770 -1.02178137572 -1.02877130507 3.22229021397 -0.965612834190 2.01733562730 -1.01139734030 2.73522170124 -0.970351455665 1.93091308588 -0.839182255756 -0.739865389004 -0.591231585155 1.72439375406 1.72892814874 -0.876065415930 2.15707236426 -0.789525983512 1.59319896652 -0.454368929586 -0.709110753929 1.98617402029 -0.446781720705 2.19067865542 -0.925312561499 2.33950802479 -0.952560937132 1.92089190961 -0.711811008224 1.37622664972 1.15360551269 -0.229057565448 1.92231419386 -0.765043927071 1.55053588711 -0.784200846667 2.11190661729 -1.07438807251 -1.15567325022 -1.11154345144 -1.10556598669
# dev_log_No:
 0.284403158642 0.205614664554 0.150515509605 0.110996326283 0.0824814207737 0.0616140571061 0.0461838964683 0.0346863999663 0.0260801274841 0.0196198911939 0.0147627005573 0.0468463352821
# log_F:
 -9.26592303380 -8.59287625163 -9.30527102598 -8.57453152341 -9.16459470643 -8.36496257770 -8.26016172685 -4.75632001209 -3.51853380943 -2.02557082478 -1.55775824461 -0.0955061934864 -1.56169965277 -3.74832646133 -1.59845830518 -3.19010187158 -3.22504674925 -3.42905525807 -3.47940816414 -2.42566205852 -2.39138813154 -1.74333267373 -1.71772178758 -1.21580109826 -0.628166137177 -0.183932952118 -1.05640585322 -1.38232099583 -1.42405878151 -1.15108328769 -1.80724173821 -1.67479476973 -1.24851466925 -1.34835173545 -0.776905877189 0.0400976659073 -0.781713385767 -0.136127085245 -1.47447114687 -0.703282616424 -0.687476882222 -1.08550843385 -0.286009772138 -0.796599495928 -0.346713423712 -0.442686434120 -0.848376283059 -0.291188167019 -0.467066467854 -0.288737375006 -0.250432260333 -0.690172612530 -1.10533799726 -1.02227290666 -0.867240944098 -1.06984716243 -0.700941486876 -0.585460994500 -0.634809692615 -0.914237019059 -0.0989199917586
# log_qflo:
 -4.65573376578
# log_b:
0.00000000000
# log_Lo:
3.91202300543
# log_cv_edad:
-2.30258509299
# log_Fref:
 1.00500000000 1.00500000000
