# Number of parameters = 139 Objective function value = 4895.67480641740  Maximum gradient component = 7.96417100837012e-06
# log_L50:
 1.14068034121124
# log_sigma1:
 -2.68873515400831
# log_sigma2:
 9.20000000000000
# log_Ro:
5.20000000000
# dev_log_Ro:
 0.963635207281 0.946084031436 0.923896117789 0.895241439814 0.859725465483 0.816913646001 0.766346003297 0.707303993213 0.640406473668 0.564851151456 0.484110784532 0.398979656498 0.310358739582 0.220035998080 0.125378890842 0.0265761578048 -0.0678526677444 -0.164473193772 -0.249467960742 -0.325160781109 -0.366912395770 -0.357590171194 -0.252747395717 0.0143847026006 0.199711273948 -0.267185514490 -0.497604215602 -0.0976697142648 -0.417561402801 -0.791866893212 -0.740068525850 -0.707221855890 -0.568379555956 -0.122636118441 -0.102127774194 -0.343476468086 -0.257790226996 -0.272025371295 -0.655366382509 -0.819824482992 -0.899065098297 -0.159070568365 -0.0484729064751 -0.176607288918 -0.233676483160 -0.0182966261671 -0.501435978348 -0.222315639037 -0.427177129545 -0.274146838466 -0.374325861679 -0.169610712709 -0.188214948029 -0.160690903271 -0.347617879168 -0.0394855270158 0.572326404011 0.0207319932629 0.141581804448 1.04331976111 1.04331976112
# dev_log_No:
 -0.0242281258689 -0.0196461060510 -0.0158057824137 -0.0126253175809 -0.0100183298086 -0.00789950661829 -0.00619114564280 -0.00482391625490 -0.00373718112699 -0.00287861127564 -0.00220380550332 -0.00678483036172
# log_F:
 -11.4650776682 -10.7700792152 -11.4958111626 -10.9969109325 -11.8448905822 -11.2716832621 -11.3629048802 -8.02845915723 -6.94253447999 -5.62333212888 -5.37304895716 -4.39104673238 -6.27438588776 -8.36478875002 -5.96220122549 -5.69113873376 -3.78873069906 -3.35784132736 -3.42052306089 -2.41047863208 -2.46045725255 -1.93346604464 -2.09004640342 -1.84360895291 -1.67721114234 -1.66680356124 -1.85577665805 -1.92674526999 -2.02210555070 -1.75745797100 -2.27989351717 -1.97795081212 -1.53953744221 -1.68628621248 -1.42349389005 -1.18908891375 -2.14424296291 -1.32833108444 -2.79579943755 -1.79982717333 -1.78317909641 -2.23896438585 -1.56037235190 -2.46427450569 -1.78568403150 -1.92644261297 -2.12722102968 -1.54593772435 -1.64725401774 -1.47309796935 -1.58073461748 -2.15274852676 -2.63497424045 -2.43106679995 -2.42269466833 -2.51197044615 -2.16041988471 -2.20092119029 -2.46066857222 -2.71196497900 -2.08781743271
# log_qflo:
 -6.11049858058
# log_b:
0.00000000000
# log_Lo:
3.91202300543
# log_cv_edad:
-2.30258509299
# log_Fref:
 1.00500000000 1.00500000000
