# Number of parameters = 139 Objective function value = 4940.55032236323  Maximum gradient component = 0.000140357615611078
# log_L50:
 1.10649214806211
# log_sigma1:
 -4.12707566730137
# log_sigma2:
 9.20000000000000
# log_Ro:
5.70000000000
# dev_log_Ro:
 0.311008948638 0.302772637294 0.292544805468 0.279713831948 0.263777249174 0.244226336773 0.220506181996 0.191879371445 0.158078971012 0.118227345070 0.0730776448279 0.0230770762540 -0.0317140229125 -0.0907379116192 -0.155634513926 -0.227535799146 -0.298816620311 -0.369295135909 -0.430444622204 -0.476578193870 -0.487524918387 -0.438633901212 -0.275022693342 0.115462480727 0.398226609334 -0.285865326746 -0.371010110089 -0.0426621120153 -0.210992333995 -0.781720328181 -0.710543944772 -0.582615982843 -0.346048957618 0.447153583879 0.241988547688 -0.0340152131488 -0.00211289907747 0.0869975669396 -0.312840094574 -0.455408604305 -0.729604490827 0.256310091765 0.351364320949 0.149560660321 0.00594479765163 0.390885489158 -0.191215385670 0.128724545534 0.0525709848867 0.213730823036 0.0781275048392 0.262687471647 0.325036707360 0.273443605694 0.107092956157 0.261276184635 1.06972256208 0.208818521738 -0.257688530373 0.346133115581 0.346133115581
# dev_log_No:
 -0.0203316615550 -0.0163013803231 -0.0129726600485 -0.0102534228717 -0.00805374652792 -0.00628889728310 -0.00488363170892 -0.00377249802497 -0.00289964592216 -0.00221808513925 -0.00168884017884 -0.00518873702261
# log_F:
 -11.9885975064 -11.2938214916 -12.0015161887 -11.3556365278 -12.0915727432 -11.4348189158 -11.4642118464 -8.08513307077 -6.96843555883 -5.62978040298 -5.36934752395 -4.38497405276 -6.27222449946 -8.37254211657 -5.98436350376 -5.73100044803 -3.84956731999 -3.44247173420 -3.53062040329 -2.55236670666 -2.63787977182 -2.15600512932 -2.36259891179 -2.17491491115 -2.08444706682 -2.17429318901 -2.47215745049 -2.60066108384 -2.73235153481 -2.53726615868 -3.07865694272 -2.80892796459 -2.43024091985 -2.63826538953 -2.45011655867 -2.36259568804 -3.38461133098 -2.58610214579 -4.06089574931 -3.04584272599 -3.05619690764 -3.53690404057 -2.90759171467 -3.83662559170 -3.13860591613 -3.26405985531 -3.44131725499 -2.88352897098 -3.00714823695 -2.89593075920 -3.03713449478 -3.62716181796 -4.06709191524 -3.83467672683 -3.79917227221 -3.87500673326 -3.51345264728 -3.56382014447 -3.81008189859 -3.98032735366 -3.30492642457
# log_qflo:
 -7.44646702343
# log_b:
0.00000000000
# log_Lo:
3.91202300543
# log_cv_edad:
-2.30258509299
# log_Fref:
 1.00500000000 1.00500000000
