# Number of parameters = 139 Objective function value = 4828.71720408830  Maximum gradient component = 1.67764762601650e-05
# log_L50:
 1.38655765073934
# log_sigma1:
 -0.871621233293286
# log_sigma2:
 9.20000000000000
# log_Ro:
4.50000000000
# dev_log_Ro:
 -0.168859073343 -0.164952533053 -0.160095340666 -0.154109077433 -0.146707835430 -0.137678716000 -0.126736286452 -0.113093734806 -0.0966275521782 -0.0747433059746 -0.0510640642578 -0.0248914272112 0.00474114392328 0.0359845352096 0.0762332840556 0.125011675983 0.170377880242 0.237718922622 0.305943367204 0.410817012966 0.549617885702 0.594698496709 0.579605570790 0.925364266745 0.580173843093 0.179137388672 -0.484006167499 0.539504159876 -0.196094782047 -0.515653446729 -0.0675064388380 -0.0889006725012 -0.104358275513 -0.101984436633 0.370284307539 -0.256353490363 0.211837141401 0.168177365573 -0.448704201323 -0.637194857276 -0.653761572454 0.114246236756 0.254561676444 0.200944145551 0.251598019680 0.488276945403 -0.247078464420 0.261138103716 -0.394777846039 -0.140656598920 -0.327884374082 0.00665988799773 -0.158657569197 0.0126122415049 -0.500669265142 -0.0840968662806 0.551941615781 -0.560374181294 -0.449411588223 -0.184835361681 -0.184687717878
# dev_log_No:
 0.0152875390724 0.0120984088194 0.00950625206548 0.00742252211220 0.00576558668722 0.00445722076802 0.00343078565537 0.00262986262767 0.00200837848668 0.00152833155313 0.00115923217852 0.00357727791184
# log_F:
 -10.7646914115 -10.0726881888 -10.7660474493 -10.0507893645 -10.7221972163 -10.0090515963 -9.99156077286 -6.57526619786 -5.43012338968 -4.06767999562 -3.78799206275 -2.77979274480 -4.66358248311 -6.79691517810 -4.44992438842 -4.24153179621 -2.38548935855 -1.97628504836 -2.07678436610 -1.06834335294 -1.10086653957 -0.553431405520 -0.754430517542 -0.680878473148 -0.690953755034 -0.840916555408 -1.28880818290 -1.38900020015 -1.48121510006 -1.10623611955 -1.72592142701 -1.38571088777 -0.853371630548 -0.996837750737 -0.730821700972 -0.385189012970 -1.21441929701 -0.502034121240 -1.87854970680 -1.00582640782 -1.00842739334 -1.39069592258 -0.577466428488 -1.37570357161 -0.785401736248 -0.978589500955 -1.24224491818 -0.690108949714 -0.851532054493 -0.532759616648 -0.637705717295 -1.06781260103 -1.57936340970 -1.36487430943 -1.38801723234 -1.44640156733 -1.08297330026 -0.957047124809 -1.14210726787 -1.50148939428 -0.622478998706
# log_qflo:
 -5.08362136757
# log_b:
0.00000000000
# log_Lo:
3.91202300543
# log_cv_edad:
-2.30258509299
# log_Fref:
 1.00500000000 1.00500000000
