# Number of parameters = 139 Objective function value = 4941.80709573223  Maximum gradient component = 5.50248804117949e-05
# log_L50:
 1.48433028713408
# log_sigma1:
 -0.468337293267743
# log_sigma2:
 9.20000000000000
# log_Ro:
3.50000000000
# dev_log_Ro:
 -0.963786940351 -0.952937594880 -0.939995764847 -0.925589952958 -0.909887926760 -0.893537141588 -0.877080194164 -0.860323490425 -0.846136503834 -0.834141666343 -0.844395746772 -0.893783255970 -0.881718794879 2.34833361074 -0.864650397772 -0.852315638645 -0.837929394252 -0.947555993392 3.64275952213 -0.941126472534 -0.897435209761 -0.793714349382 -0.639871351941 -0.613413455429 2.53040541959 -0.673787353071 -0.681673005039 2.02201443253 -0.546966282824 0.526803508979 -0.556153297431 -0.688788909313 1.57130763376 -0.477238521429 1.61182891348 -0.573183674386 1.24081471625 1.09220717071 0.151564044504 0.224263362693 -0.458684069563 1.15820955567 0.949540809206 1.36615356546 0.0525105556962 1.80768312599 -0.682657357981 1.39394464757 -0.287661902930 0.972987620061 -0.148656995333 1.14329728530 -0.0301288729743 1.21284734840 -0.322329518090 0.591948923514 1.50814032176 -0.870834072544 -1.08782978914 -1.01185940815 -1.00980582690
# dev_log_No:
 0.108949915193 0.0828780109238 0.0628817548029 0.0476201936032 0.0360688039226 0.0273191336370 0.0206864864342 0.0156541968629 0.0118363354829 0.00894142811832 0.00674825329945 0.0210402200280
# log_F:
 -9.76606796350 -9.08109786473 -9.77778224600 -9.01345027130 -9.60922065523 -8.81664204967 -8.71922860482 -5.22363896906 -3.99756983114 -2.53463018350 -2.12666192159 -0.881018664996 -2.56839256230 -4.70516480939 -2.34901994722 -2.37515355359 -1.69640823043 -1.31626328494 -1.15210368889 0.699999972040 0.126322468479 -1.59912467695 -1.97452893109 -1.66790401093 -1.35322830736 -1.06373670907 -0.929795635511 -1.51351138703 -1.58047586307 -1.14517571050 -1.87980907526 -1.52574200763 -0.992052113459 -0.879158162889 -0.254830565719 -0.288669514122 -0.931205296302 -0.394466344190 -1.65312960621 -0.828696350679 -0.873482677140 -1.23040559243 -0.379922146325 -1.01232475012 -0.525833581524 -0.704761885505 -1.10853383427 -0.371314690186 -0.743237670370 -0.350450111792 -0.489628759771 -0.820963131180 -1.38405801133 -1.09306511337 -1.19663296844 -1.17459073695 -0.914457657204 -0.716364769706 -0.808592947179 -1.22169770477 -0.207569759160
# log_qflo:
 -4.84282352926
# log_b:
0.00000000000
# log_Lo:
3.91202300543
# log_cv_edad:
-2.30258509299
# log_Fref:
 1.00500000000 1.00500000000
