# Number of parameters = 139 Objective function value = 4832.53965554167  Maximum gradient component = 6.63424741475520e-05
# log_L50:
 1.38658397165870
# log_sigma1:
 -0.875415537313619
# log_sigma2:
 9.20000000000000
# log_Ro:
4.40000000000
# dev_log_Ro:
 -0.278763666498 -0.274449577306 -0.269095751490 -0.262534343712 -0.254464796037 -0.244694085827 -0.232954632151 -0.218581399565 -0.201428461633 -0.178383017347 -0.154337143825 -0.128607413922 -0.100213668803 -0.0720399788580 -0.0360681080597 0.00486590146654 0.0338782598704 0.0669303423509 0.0673842140972 0.0969737870375 1.72636571379 0.0986659876228 0.138985123888 1.15808376428 0.619179767340 0.261421120772 -0.471739547732 0.654326253580 -0.146590505935 -0.465117629210 0.0309586643551 0.00365750725847 -0.0171871507373 -0.0449887400475 0.477710592043 -0.219028778305 0.305474595101 0.259012918175 -0.382288396775 -0.569181293803 -0.590829328402 0.199058773004 0.333674254397 0.279771535321 0.327695817328 0.587063230781 -0.197681618896 0.360924123495 -0.336069085041 -0.0573650394144 -0.262822466466 0.0912565764706 -0.0951670947151 0.101408315522 -0.454341999425 -0.0197055520813 0.633506602533 -0.567766716284 -0.521313550202 -0.296274586267 -0.296158617110
# dev_log_No:
 0.0187923896479 0.0148343750772 0.0116275223581 0.00905762096582 0.00702073469125 0.00541741782035 0.00416311095323 0.00318693624687 0.00243102493446 0.00184837334003 0.00140116197784 0.00432489350806
# log_F:
 -10.6655968620 -9.97386254264 -10.6669417673 -9.93924026892 -10.5977498554 -9.87196389754 -9.84258425676 -6.41538119914 -5.26023572234 -3.88770895891 -3.59763394476 -2.57585924290 -4.44972150984 -6.58167806945 -4.23357229128 -4.02274758339 -2.15454225802 -1.71784224833 -1.78727589343 -0.705652625898 -0.608313018125 0.245711399458 0.186971120321 -1.02499263405 -0.838363053424 -0.767410761945 -1.31022634690 -1.39297425619 -1.48255184508 -1.09603088940 -1.72652476938 -1.37840212038 -0.837764612801 -0.982853862878 -0.718392235795 -0.370403911834 -1.18676416007 -0.493482830067 -1.85389488798 -0.991313204543 -0.998717360990 -1.37593813112 -0.556707545481 -1.34562231633 -0.762790495151 -0.958101051136 -1.22324953950 -0.671345868714 -0.843196509554 -0.512685316446 -0.626556526727 -1.04625658487 -1.55972775763 -1.34136699548 -1.36844030615 -1.42317874161 -1.06421859857 -0.926468144191 -1.10556466536 -1.47411778273 -0.567394165804
# log_qflo:
 -5.06010799506
# log_b:
0.00000000000
# log_Lo:
3.91202300543
# log_cv_edad:
-2.30258509299
# log_Fref:
 1.00500000000 1.00500000000
