# Number of parameters = 139 Objective function value = 5002.07925901411  Maximum gradient component = 0.0160076692810414
# log_L50:
 1.09927823214722
# log_sigma1:
 -104.949178931367
# log_sigma2:
 9.20000000000000
# log_Ro:
6.00000000000
# dev_log_Ro:
 0.291383038007 0.280469051177 0.266941203252 0.250087086284 0.229358894608 0.203995704401 0.173543762377 0.137120184048 0.0944573502782 0.0446344520363 -0.0106892800173 -0.0718044917224 -0.138558063194 -0.209914841233 -0.288489560078 -0.373849951549 -0.457429940104 -0.543370818685 -0.615513129694 -0.675601890068 -0.696613275692 -0.662796919683 -0.527244001504 -0.220964132771 0.169889834199 -0.206607840950 -0.646765456004 0.288017681517 -0.323473277556 -0.504769081683 -0.763470934683 -0.734456090615 -0.531808655438 0.420520790450 0.271150183061 -0.0426475517580 0.282265578787 0.0801856701829 -0.256480223103 -0.507416565912 0.0612017218260 0.243598637550 0.250295229933 0.147304512461 0.233185907138 0.229254215926 -0.166470778244 0.309037582491 0.0826026704748 0.317307689572 0.169459761044 0.472160601565 0.303992741775 0.438064882986 0.120560039282 0.722813809824 1.43332181757 0.143958584286 0.338358155324 0.338349463942 0.338358262308
# dev_log_No:
 -0.0275146499416 -0.0220682331437 -0.0175620192736 -0.0138904271735 -0.0109144700033 -0.00851617207311 -0.00661689207391 -0.00511058557105 -0.00392589683625 -0.00300803066489 -0.00228775188354 -0.00701743500035
# log_F:
 -12.2431118062 -11.5479130133 -12.2384271503 -11.5928405068 -12.3287313432 -11.6713749004 -11.6996940043 -8.31908882026 -7.20042478860 -5.85954029527 -5.59660328178 -4.60976706926 -6.49361170946 -8.58840633802 -6.19401274793 -5.93402364793 -4.04674527533 -3.63546552231 -3.71892816110 -2.73784281267 -2.82235210310 -2.33930580240 -2.54304263179 -2.34552132266 -2.23528306929 -2.27525677871 -2.50154434023 -2.67516255450 -2.85815818622 -2.63066680365 -3.30672657287 -3.06541215116 -2.73818606101 -2.95508157076 -2.74793979760 -2.56793856580 -3.62911893068 -2.87042064110 -4.34897427645 -3.38681577648 -3.41801855371 -3.91105526470 -3.28538830157 -4.26603104379 -3.54030138333 -3.64262524576 -3.81455635656 -3.26282344164 -3.37885273436 -3.25125486778 -3.42394812104 -4.00069736887 -4.45176241250 -4.20911123594 -4.19427035377 -4.25480124160 -3.91602101554 -3.95019616444 -4.20503062120 -4.51442052139 -3.83549421783
# log_qflo:
 -7.82658812564
# log_b:
0.00000000000
# log_Lo:
3.91202300543
# log_cv_edad:
-2.30258509299
# log_Fref:
 1.00500000000 1.00500000000
