# Number of parameters = 139 Objective function value = 5011.48709039859  Maximum gradient component = 0.000298673817888174
# log_L50:
 1.60524102878225
# log_sigma1:
 -0.129205790184741
# log_sigma2:
 9.20000000000000
# log_Ro:
3.10000000000
# dev_log_Ro:
 -1.01169915701 -0.993016375147 -0.970127429997 -0.944886666893 -0.917161275739 -0.888087773584 -0.857311585616 -0.824901122381 -0.786993588988 -0.741050849911 -0.739781434421 -0.817489401553 -0.811408825078 1.53520678541 -0.933778265108 -1.04646711797 4.49463234131 -1.06026967170 -1.04768904630 -1.00991856465 -0.949603419319 -0.837562708241 -0.663162662188 -0.689148269608 3.03659126753 -0.944337415734 -0.919102004216 2.67847266349 -0.943531452962 1.71088936317 -0.788224596764 -0.684789086735 -0.494581261196 1.61835875000 1.63252114323 -0.840134314917 2.05168136402 -0.734135523187 1.47709174639 -0.429894631173 -0.709396578285 1.86490434739 -0.236060572201 2.08229669566 -0.894284123439 2.24845944719 -0.910826335204 1.78669175366 -0.818101300699 1.54393130112 -0.541935582794 1.27351909743 1.48031810004 -0.421450225524 1.49078206675 -0.776258831361 2.01123903573 -1.05746906509 -1.14673547319 -1.09618514075 -1.08863854272
# dev_log_No:
 0.212091656758 0.157618667802 0.117431257923 0.0876255522012 0.0656238252643 0.0492786793216 0.0370732596500 0.0279180532906 0.0210321600445 0.0158449062213 0.0119346813154 0.0376324018447
# log_F:
 -9.35116680810 -8.67295877404 -9.37796781456 -8.64374371157 -9.23402368344 -8.43487691704 -8.33055139962 -4.82715519664 -3.59016286308 -2.10093287485 -1.64274492965 -0.230380195637 -1.77148377466 -3.98397240961 -1.69152158089 -1.58009193378 -0.122271683374 0.699999981158 -0.872299513951 -1.82974421483 -2.53552139113 -2.00128195722 -2.09095700896 -1.72363829762 -1.35300275369 -1.00046778800 -0.814980971749 -1.24902560564 -1.61250517497 -1.17611621648 -1.83281929955 -1.70975398666 -1.25965378952 -1.34065062169 -0.771137172011 0.0288975819267 -0.789534964476 -0.136321265520 -1.48686854060 -0.700679309635 -0.691613159682 -1.08169046558 -0.286518559043 -0.812860973331 -0.335134334665 -0.449854756928 -0.846995241511 -0.296833667832 -0.466207750523 -0.300167348672 -0.232993174789 -0.679303265066 -1.16394036266 -0.982792310598 -0.894496308948 -1.12644902088 -0.666717198063 -0.574797721541 -0.648187229199 -0.913662934778 -0.107032535163
# log_qflo:
 -4.66009648986
# log_b:
0.00000000000
# log_Lo:
3.91202300543
# log_cv_edad:
-2.30258509299
# log_Fref:
 1.00500000000 1.00500000000
