# Number of parameters = 139 Objective function value = 4836.67670787859  Maximum gradient component = 2.44512704524170e-05
# log_L50:
 1.38644201054132
# log_sigma1:
 -0.846538478332836
# log_sigma2:
 9.20000000000000
# log_Ro:
4.80000000000
# dev_log_Ro:
 0.552356363508 0.546208244703 0.538471962675 0.528586904734 0.516141417274 0.500752971958 0.481990456552 0.459098023889 0.432103468574 0.399647428517 0.364375438535 0.326193572170 0.285308921642 0.243028675117 0.196205128076 0.145593741549 0.0977923912932 0.0456555695640 0.00331305789952 -0.0331836370022 -0.0394134442708 -0.00444908130744 0.116582186012 0.377076667019 0.359457510945 -0.0738935500477 -0.493360769043 0.178760815999 -0.328698356725 -0.626929690958 -0.401884403074 -0.409766554552 -0.377825920460 -0.235936794846 0.0452081445981 -0.342445374682 -0.0642023629142 -0.103787565971 -0.615187885706 -0.799039929857 -0.795850003165 -0.118817453552 0.0338632636799 -0.0208433049118 0.0238559666905 0.185215057866 -0.377015443434 -0.0397925906727 -0.525716585211 -0.352712565633 -0.477316103865 -0.214276794657 -0.309469111317 -0.217556502646 -0.568144886876 -0.204907272440 0.374366567242 -0.380726754518 0.0388080679748 0.578294227472 0.578838480587
# dev_log_No:
 -0.0122189937213 -0.00982835536708 -0.00784493603992 -0.00621805854759 -0.00489779380009 -0.00383518888697 -0.00298620894741 -0.00231256437219 -0.00178186242601 -0.00136566079449 -0.00104140028028 -0.00320683576851
# log_F:
 -11.0567185939 -10.3626315248 -11.0610399197 -10.4644298247 -11.2425239799 -10.6206985935 -10.6789693190 -7.32367872807 -6.22641679135 -4.90264425183 -4.65344232475 -3.67494298927 -5.56978707598 -7.68334888065 -5.30762202164 -5.06541885458 -3.18727668228 -2.77299581445 -2.85451858193 -1.85132177817 -1.89758511817 -1.35987381725 -1.50571884847 -1.26423367326 -1.10313219650 -1.12046784803 -1.38174538681 -1.47936801398 -1.57068855698 -1.23962120368 -1.80698951868 -1.48855560460 -0.993738404352 -1.12066408955 -0.832913799879 -0.493769081943 -1.37023188771 -0.589169346607 -2.02060991571 -1.10471320729 -1.08806686811 -1.49409824601 -0.714723231909 -1.55672971622 -0.932998718742 -1.11238776960 -1.36555058908 -0.805853230115 -0.927418777357 -0.654498125772 -0.731442627428 -1.20901717964 -1.71583489287 -1.51542100722 -1.52588239266 -1.59839074965 -1.22747100616 -1.16054792022 -1.37953484412 -1.70901560644 -0.967649780337
# log_qflo:
 -5.23834255181
# log_b:
0.00000000000
# log_Lo:
3.91202300543
# log_cv_edad:
-2.30258509299
# log_Fref:
 1.00500000000 1.00500000000
