# Number of parameters = 139 Objective function value = 5516.15343120933  Maximum gradient component = 0.348847422370666
# log_L50:
 1.38629436163242
# log_sigma1:
 -40.4152516615968
# log_sigma2:
 9.20000000000000
# log_Ro:
5.80000000000
# dev_log_Ro:
 2.96832073438 2.80483051122 2.62415903339 2.40543915853 2.19853592456 1.99200124288 1.78333191173 1.57216711226 1.35903128025 1.14540447067 0.932257371390 0.719548620341 0.508484130343 0.298107724336 0.0893534196435 -0.115890154428 -0.321424235828 -0.518195574609 -0.710121965674 -0.883411627430 -1.03391642395 -1.13588037882 -1.11383925824 -0.571170041841 -0.845127395086 -1.12224164618 -0.953734715613 -1.16799982683 -1.47147947758 -1.89423248693 -1.98764659680 -2.03243007134 -1.61482224819 -1.27634129759 -1.37784131380 -1.06604405365 -0.918498277817 -1.19032508585 -1.25007236102 -1.30892964242 -1.09222142938 -0.915240254391 -0.748084270757 -0.635290835805 -0.558848535229 -0.720145707375 -0.759809877530 -1.30647575545 -1.37472057032 -1.34849972630 -1.17470262631 -1.09130703373 -0.853986334294 -0.998630480944 -0.788886599901 -0.421484432541 -0.109901646415 4.84470508305 4.84471498216 4.84474246606 4.84471709697
# dev_log_No:
 -0.0793200024545 -0.0687500137522 -0.0587564929208 -0.0494465426221 -0.0410108532804 -0.0337597929526 -0.0274683177951 -0.0221148483710 -0.0176605238540 -0.0139880524204 -0.0110022704701 -0.0340525161056
# log_F:
 -11.8721881439 -11.1744179193 -11.8618779902 -11.1620501936 -13.2507702215 -13.0139237722 -13.2392572971 -9.95405575114 -8.87026419356 -7.52560180118 -7.23239607627 -6.19783611051 -8.01833615059 -10.0311957243 -7.54514168004 -7.18772788222 -5.20256590607 -4.69724895618 -4.68598403920 -3.61229366020 -3.61326515679 -3.03924887572 -3.15362978944 -2.84214322112 -2.59749097050 -2.46218540842 -2.43947414181 -2.33223855593 -2.33127244211 -1.95352028439 -2.36817561214 -1.96445561272 -1.41856213675 -1.41799177969 -0.897991295953 -0.151026560675 -0.795705647425 0.401035505082 -1.09110891794 -0.236291019627 -0.275554087042 -0.717710640599 0.128285647507 -0.755909691950 -0.0265963781678 -0.139015434941 -0.514501038853 0.0359599942637 -0.0306639002047 0.206287896480 0.165170675264 -0.191675178901 -0.729278581234 -0.572642003841 -0.596437824555 -0.709596002337 -0.355647785140 -0.256350361902 -0.583217554964 -1.09029680366 -0.823625492105
# log_qflo:
 -4.39504611234
# log_b:
0.00000000000
# log_Lo:
3.91202300543
# log_cv_edad:
-2.30258509299
# log_Fref:
 1.00500000000 1.00500000000
