# Number of parameters = 139 Objective function value = 4988.49849070420  Maximum gradient component = 9.76090804008660e-06
# log_L50:
 1.49694906038766
# log_sigma1:
 -0.409907777808059
# log_sigma2:
 9.20000000000000
# log_Ro:
3.20000000000
# dev_log_Ro:
 -1.00213000536 -0.984773503197 -0.963874084048 -0.940969045690 -0.916462418694 -0.891632059783 -0.868034113059 -0.846924553210 -0.839012830797 -0.865033311019 -0.931929177898 -1.06115432991 -1.05874868775 4.70076755999 -1.05376543946 -1.04908073985 -1.03479539097 -1.02524759624 -1.01347236038 -0.998680944024 -0.983894828899 -0.974792843518 -0.983021025000 3.06367691961 -0.894087661290 1.70357458418 -0.948565268539 2.34609420396 -0.737659096766 0.788341977239 -0.734628612491 -0.840467697176 1.96895423642 -0.751228216000 1.95137691285 -0.729228650544 1.44632913101 1.55348329720 -0.214309506190 0.716334217719 -0.684973750427 1.56124468301 0.929202307814 1.81907989389 -0.598346027744 2.15194062510 -0.871535985627 1.72564147438 -0.550876795627 1.38007108742 -0.519089864118 1.56426934797 -0.513095286079 1.63163662968 -0.542167703513 0.837133147049 1.81010820705 -0.944652940242 -1.13348787253 -1.07794593513 -1.07548428475
# dev_log_No:
 0.198347687123 0.147002882805 0.109400064985 0.0816395734572 0.0611768836848 0.0459756515812 0.0346137399480 0.0260817025562 0.0196582267759 0.0148154964747 0.0111625227507 0.0351380015561
# log_F:
 -9.48511777330 -8.80696553372 -9.51147214663 -8.75012855389 -9.34270477936 -8.54633340817 -8.44493577590 -4.94484775642 -3.71221297938 -2.23231661819 -1.79086188397 -0.433349502626 -2.00891418832 -4.15938913871 -1.84031439973 -3.31485250168 -3.54709682069 -3.39586961482 -3.44580043557 -2.39139517288 -2.35574877418 -1.70544019981 -1.67680535262 -1.17094051672 -0.569444524882 -0.184091600548 -1.38555119417 -1.41883741197 -1.51094228715 -1.13585585301 -1.86605748532 -1.52168904445 -0.975053361054 -0.827803854690 -0.160751397825 -0.276213025949 -0.926043965762 -0.395646305416 -1.65201137741 -0.785518258218 -0.891938729707 -1.20606399266 -0.372514527926 -0.979980828947 -0.540417697679 -0.643370432081 -1.11749858379 -0.347102723653 -0.727515533729 -0.351050160448 -0.488512948155 -0.794875031870 -1.38516277917 -1.06313267721 -1.20191064216 -1.14627343195 -0.921941347129 -0.714661221909 -0.785023324237 -1.19704008246 -0.173907337638
# log_qflo:
 -4.82855657356
# log_b:
0.00000000000
# log_Lo:
3.91202300543
# log_cv_edad:
-2.30258509299
# log_Fref:
 1.00500000000 1.00500000000
