# Number of parameters = 139 Objective function value = 4846.50434478369  Maximum gradient component = 0.000141659402960392
# log_L50:
 1.38684924052154
# log_sigma1:
 -0.866218498117087
# log_sigma2:
 9.20000000000000
# log_Ro:
4.20000000000
# dev_log_Ro:
 -0.569040840782 -0.562019524149 -0.553290851189 -0.542707441766 -0.530075798070 -0.515187631708 -0.497910854782 -0.477045565872 -0.452715795698 -0.417472362766 -0.383047064719 -0.349119472511 -0.314346914039 -0.287412140255 -0.253193660393 -0.225085272675 -0.197905645427 1.28706715681 -0.167654813050 -0.135720688120 2.22502043179 -0.408786191072 -0.371042352543 1.44364480007 0.689496584416 0.446291730613 -0.527408855387 0.895646865122 -0.0974887109842 -0.421457729383 0.256593775374 0.211282855360 0.177060876137 0.0457209054890 0.719944922193 -0.194580352429 0.498584693529 0.455407463894 -0.261774565781 -0.427786875182 -0.503195566796 0.381993752554 0.497175711304 0.445352659890 0.458782555840 0.815673331281 -0.155361081145 0.580649198952 -0.240869079251 0.123159438403 -0.146557884564 0.273755449634 0.0195750850952 0.301839552146 -0.385506177110 0.103914957159 0.810777470319 -0.641996486613 -0.755985485602 -0.596879430891 -0.596783060668
# dev_log_No:
 0.0408277967480 0.0319268708645 0.0248084594665 0.0191726522590 0.0147586658631 0.0113209583842 0.00865690818501 0.00660028332198 0.00501854250894 0.00380645862224 0.00288066958547 0.00891396147997
# log_F:
 -10.4725766767 -9.78255667209 -10.4762022124 -9.72083779650 -10.3494391830 -9.59315421635 -9.53406340261 -6.07879360720 -4.89732622495 -3.49766150414 -3.17909821627 -2.11847048451 -3.96494354919 -6.09765844682 -3.75212529152 -3.54054963270 -1.64079032104 -1.11877074718 -1.08250817798 0.215289866509 -0.495531446777 0.699999170301 0.699999952953 -1.21098780066 -0.942069672328 -0.740794480303 -1.35263679210 -1.39740625551 -1.48432541257 -1.06869667615 -1.72497041425 -1.35165873211 -0.783042137780 -0.941982676512 -0.690538469247 -0.346186415266 -1.12785255538 -0.489996900522 -1.80416603325 -0.964492857424 -0.985672842112 -1.34919751269 -0.518776424427 -1.27815570879 -0.719625164681 -0.920351694745 -1.18943380732 -0.629744570079 -0.837370509022 -0.471825333309 -0.612605715574 -1.00510620870 -1.52564154540 -1.29508359130 -1.33362858858 -1.37705897096 -1.03424051851 -0.868077324855 -1.03387264891 -1.42486896243 -0.451867697749
# log_qflo:
 -5.01520365538
# log_b:
0.00000000000
# log_Lo:
3.91202300543
# log_cv_edad:
-2.30258509299
# log_Fref:
 1.00500000000 1.00500000000
