# Number of parameters = 139 Objective function value = 4949.97662033260  Maximum gradient component = 9.83515137462531e-06
# log_L50:
 1.10613632191372
# log_sigma1:
 -4.12936011016839
# log_sigma2:
 9.20000000000000
# log_Ro:
5.90000000000
# dev_log_Ro:
 0.229009832560 0.221537267337 0.212275225428 0.200700618747 0.186350588103 0.168742340591 0.147340282253 0.121447773052 0.0907140011842 0.0543019248398 0.0125691311969 -0.0342424179702 -0.0862214013946 -0.143087331701 -0.206326140058 -0.277225025220 -0.348109876428 -0.417521914092 -0.477246555372 -0.520563067923 -0.527503429482 -0.472740487285 -0.300258080788 0.109466441495 0.439512432645 -0.292929356999 -0.346885919421 -0.0344473038550 -0.170781291022 -0.779587898311 -0.713188655307 -0.581113221389 -0.331961910888 0.536552685596 0.285316201050 0.0125981460569 0.0342901619732 0.151682634135 -0.258100551544 -0.394482123981 -0.702512577913 0.322540609665 0.419787154647 0.209767586704 0.0530109633853 0.465256250907 -0.134930548802 0.185422049752 0.130209727888 0.286434494028 0.148312705395 0.324574421135 0.407595410999 0.334940727880 0.177912095437 0.287566004051 1.14670256211 0.223244527014 -0.306997268811 0.260639688358 0.260639688359
# dev_log_No:
 -0.0198525261933 -0.0158955645897 -0.0126331836125 -0.00997254785256 -0.00782359298463 -0.00610207047321 -0.00473336575425 -0.00365274516959 -0.00280509740466 -0.00214416350406 -0.00163165589339 -0.00501218250574
# log_F:
 -12.1928311235 -11.4980821595 -12.2023190118 -11.5428739502 -12.2667550116 -11.5997967682 -11.6208075991 -8.23506051714 -7.11327165234 -5.77105755614 -5.50842250414 -4.52333838082 -6.41043548402 -8.51057947839 -6.12287783555 -5.87059089686 -3.99168534001 -3.58892259327 -3.68161985252 -2.71094380284 -2.80634298732 -2.33696227783 -2.55687330481 -2.38179261963 -2.30591056964 -2.41028283385 -2.72118118621 -2.85538342603 -2.99317220392 -2.80779575582 -3.35183326666 -3.08525427693 -2.71548234951 -2.93121414229 -2.74884142654 -2.67756489281 -3.70084031811 -2.89948876494 -4.37306219110 -3.35539346465 -3.36794685138 -3.85042316088 -3.22473191757 -4.15715777479 -3.45704956828 -3.58065472489 -3.75554759435 -3.20210505952 -3.32746587812 -3.22210760694 -3.36578759173 -3.95655970711 -4.39120972620 -4.15528834400 -4.11662229277 -4.19019425200 -3.82643507803 -3.87577957887 -4.12148891228 -4.28088575553 -3.59886698780
# log_qflo:
 -7.76164938249
# log_b:
0.00000000000
# log_Lo:
3.91202300543
# log_cv_edad:
-2.30258509299
# log_Fref:
 1.00500000000 1.00500000000
