# Number of parameters = 139 Objective function value = 4870.05229491554  Maximum gradient component = 5.63615500308228e-06
# log_L50:
 1.38788498933490
# log_sigma1:
 -0.858234537441521
# log_sigma2:
 9.20000000000000
# log_Ro:
4.00000000000
# dev_log_Ro:
 -0.816776230910 -0.804651014118 -0.789462890290 -0.771356109558 -0.749699691641 -0.724803079696 -0.696445126648 -0.662024610642 -0.621033532097 -0.552918085486 -0.488015555532 -0.426940149236 -0.364823546404 -0.333828308875 -0.288767724710 -0.213905573672 0.604069587755 0.711729952706 1.37088067828 -0.702347188579 2.74325476300 -0.697692622805 -0.576636577064 -0.332165376487 1.68919149648 -0.115515377316 -0.586001823846 1.05566605134 -0.199506828066 -0.417489945960 -0.271767004861 1.25572870963 -0.442381708664 0.194021906006 0.979249320891 -0.258881171075 0.705742059054 0.657880294579 -0.153295896334 -0.275207215249 -0.417579914760 0.576044082359 0.658090460769 0.623644972235 0.571338928239 1.06504884543 -0.193301009085 0.818227697116 -0.174277884033 0.322632538911 -0.0460791510497 0.477885736118 0.108071928037 0.533785781032 -0.350167711375 0.240030231398 1.00654119321 -0.754150265277 -0.971389451585 -0.863773860545 -0.863698001043
# dev_log_No:
 0.0931273834275 0.0717120240518 0.0549927108744 0.0420213081328 0.0320450668005 0.0243933679426 0.0185388567681 0.0140661627655 0.0106554106226 0.00805940119382 0.00608729875706 0.0189571340835
# log_F:
 -10.2876660213 -9.60177811861 -10.2995811239 -9.52578016252 -10.1331905212 -9.35411143182 -9.27173112724 -5.79354498444 -4.58971719930 -3.16537716900 -2.81923316301 -1.71625983552 -3.53649733112 -5.68309078334 -3.35532110231 -3.15871302331 -1.23582179168 -0.616373707966 -0.492178975905 0.699999819647 0.699999916973 0.699999954967 0.699999886560 -1.52252490481 -1.29320499692 -1.08962700964 -1.01728269010 -1.48240379497 -1.44665997104 -0.992279589832 -1.64860554751 -1.22080019885 -0.571940670794 -0.508828469757 -0.852317712542 -0.307165621491 -1.07358450209 -0.503124021550 -1.75439658726 -0.943617985621 -0.980010702597 -1.32728343689 -0.487735456364 -1.21643950556 -0.685872870949 -0.887327282419 -1.16314824313 -0.586354650885 -0.843378682238 -0.428983206926 -0.608452546919 -0.966974267171 -1.50064622366 -1.25178598506 -1.30877502433 -1.33222959883 -1.01774896741 -0.817827699032 -0.972736146158 -1.39370538285 -0.358750849739
# log_qflo:
 -4.97830286284
# log_b:
0.00000000000
# log_Lo:
3.91202300543
# log_cv_edad:
-2.30258509299
# log_Fref:
 1.00500000000 1.00500000000
