# Number of parameters = 139 Objective function value = 4963.06763851004  Maximum gradient component = 4.86547175267785e-05
# log_L50:
 1.17580475106215
# log_sigma1:
 -3.72288646446437
# log_sigma2:
 9.20000000000000
# log_Ro:
5.50000000000
# dev_log_Ro:
 0.686877024507 0.670755174251 0.650650582571 0.625130381008 0.593593037279 0.555471190350 0.510215569276 0.457019642430 0.396325903748 0.327054443948 0.252892594014 0.173726340244 0.0903853996059 0.00470908446645 -0.0866031394430 -0.182415328338 -0.273917845667 -0.369836103767 -0.451520585299 -0.525550724054 -0.562372237301 -0.550498710012 -0.447055001471 -0.193661563098 0.0937631788065 -0.264280532058 -0.674662574466 0.109822488999 -0.427459094476 -0.609148923638 -0.763969800773 -0.762077274851 -0.608431925076 0.0990426684687 0.0355144065577 -0.227746846915 0.0227014998210 -0.153752242730 -0.491994167791 -0.721121625543 -0.227598437082 -0.0351574159441 -0.0111539437220 -0.0923714041240 -0.0189436617365 -0.0336015406559 -0.386880938466 0.00702655872662 -0.202961848166 -0.000674108820167 -0.110630890704 0.153520114657 0.0217323170638 0.128544979240 -0.117159485873 0.425899894290 1.07597054601 0.140250179712 0.758871584487 0.758871566475 0.758871571055
# dev_log_No:
 -0.0285561496503 -0.0230533048263 -0.0184680472849 -0.0146910355294 -0.0116106890791 -0.00911985021789 -0.00712123646265 -0.00552915896851 -0.00426963834544 -0.00327902802432 -0.00250460333680 -0.00769421827980
# log_F:
 -11.7424974493 -11.0472318794 -11.7376778531 -11.1753157886 -11.9782941184 -11.3730951422 -11.4413328384 -8.09049477504 -6.99315279477 -5.66637843904 -5.41151639512 -4.42731803849 -6.31021331264 -8.40142464813 -6.00068850440 -5.73222971148 -3.83331508820 -3.40694242200 -3.47445946119 -2.47099813808 -2.52883458954 -2.01184701802 -2.17911938545 -1.94309632136 -1.78646927564 -1.77750240803 -1.96062001033 -2.08132215990 -2.22743025925 -1.96025011198 -2.59261510068 -2.32821752678 -1.96051193200 -2.14914835423 -1.91429584641 -1.69533529951 -2.71883583339 -1.94507808364 -3.42617928689 -2.46454939546 -2.48198450807 -2.96636433917 -2.32074967308 -3.30173397328 -2.57872674935 -2.68103244345 -2.85902061042 -2.29734200672 -2.39797850369 -2.24987028222 -2.40849039406 -2.98789393444 -3.45651215903 -3.23080071093 -3.22639455817 -3.29793709593 -2.96061965141 -2.99865469675 -3.26515687130 -3.58243252642 -2.93174177924
# log_qflo:
 -6.87253405765
# log_b:
0.00000000000
# log_Lo:
3.91202300543
# log_cv_edad:
-2.30258509299
# log_Fref:
 1.00500000000 1.00500000000
