# Number of parameters = 139 Objective function value = 4838.16379589681  Maximum gradient component = 8.44380193107799e-05
# log_L50:
 1.38665906381445
# log_sigma1:
 -0.876106676491236
# log_sigma2:
 9.20000000000000
# log_Ro:
4.30000000000
# dev_log_Ro:
 -0.449960097679 -0.443013851933 -0.434385494737 -0.423894091978 -0.411088770173 -0.395755554537 -0.377505182031 -0.355064710163 -0.328210551815 -0.290327613766 -0.251246343161 -0.209493810675 -0.162631488652 -0.116856941527 -0.0513207515741 0.0341473687355 0.103945738279 0.229280518228 0.244943401043 -0.122622302334 2.06324650047 -0.221393993618 -0.184403042018 1.31652680602 0.651820940827 0.349122454404 -0.505878030813 0.779533849617 -0.124505492881 -0.441684584293 0.144422029180 0.104279577494 0.0744829769012 -0.00301926688675 0.599587132672 -0.211273888340 0.404576154144 0.355947171361 -0.323660921892 -0.503847087485 -0.542542510882 0.287807752667 0.413333806767 0.359782663256 0.397419776474 0.698374155416 -0.173495948699 0.470552385157 -0.290951639351 0.0296810685778 -0.206617214809 0.180603378861 -0.0400008700418 0.199640330108 -0.424746024561 0.0392782924640 0.719873824841 -0.616588264795 -0.658998932191 -0.477658332012 -0.477566451663
# dev_log_No:
 0.0359466402250 0.0282020010956 0.0219812165744 0.0170355045269 0.0131455741611 0.0101045873062 0.00773986678345 0.00590923109362 0.00449797961326 0.00341440293690 0.00258534834922 0.00799674179019
# log_F:
 -10.5707975441 -9.88039409155 -10.5742538178 -9.82922010474 -10.4692714526 -9.72502236057 -9.67805697950 -6.23473729344 -5.06510873080 -3.67859205926 -3.37493609058 -2.33611218866 -4.20004748232 -6.33684633307 -3.99620029903 -3.79352072501 -1.92432977761 -1.47462879864 -1.54082992642 -0.433110091315 -0.317567567617 0.699999919238 0.699999684804 -1.15268841109 -0.907434428173 -0.741460631522 -1.33237936473 -1.39526992793 -1.48271072673 -1.07936927488 -1.72557842018 -1.36440092622 -0.809691260130 -0.961734667594 -0.702467959187 -0.353533346018 -1.15068631287 -0.487548055129 -1.82265473792 -0.974253210329 -0.988927263903 -1.35884192916 -0.532260268846 -1.30671657451 -0.735759034885 -0.933907779632 -1.20097805184 -0.647123267768 -0.836329396606 -0.487442258614 -0.615591165377 -1.02030763958 -1.53723113531 -1.31263769999 -1.34589218877 -1.39468839010 -1.04384127401 -0.889718042529 -1.06104783289 -1.44311437424 -0.498636622324
# log_qflo:
 -5.03188898203
# log_b:
0.00000000000
# log_Lo:
3.91202300543
# log_cv_edad:
-2.30258509299
# log_Fref:
 1.00500000000 1.00500000000
