# Number of parameters = 139 Objective function value = 4949.84449225718  Maximum gradient component = 4.69933825053281e-05
# log_L50:
 1.27325559561039
# log_sigma1:
 -3.35085615807849
# log_sigma2:
 9.20000000000000
# log_Ro:
5.40000000000
# dev_log_Ro:
 0.897949530153 0.878131438088 0.853281798004 0.821480311403 0.782336152768 0.735431836444 0.680358370949 0.616435561955 0.544441308030 0.463454639831 0.377741341069 0.287302040863 0.193167136748 0.0973690494406 -0.00346160165093 -0.108058641356 -0.207501654206 -0.311481739834 -0.400810760386 -0.483281374341 -0.528807010132 -0.527128290951 -0.437113191541 -0.203083578178 0.0725055264278 -0.284435878062 -0.678668230963 0.0364436155432 -0.473252546354 -0.660384414185 -0.798332176304 -0.804692923740 -0.671768573449 -0.0557827572714 -0.0811234605599 -0.323164207602 -0.0942512385632 -0.257793370138 -0.598105582366 -0.817214759529 -0.359138934630 -0.158922422107 -0.123197653581 -0.192436049303 -0.121750509259 -0.141581830900 -0.482124080614 -0.124305648633 -0.337522057909 -0.148307801949 -0.243462941969 0.00628447168526 -0.111632326932 -0.0139388914504 -0.236824851371 0.281601195803 0.906753170273 0.107001293110 0.988458068809 0.988458051109 0.988458053764
# dev_log_No:
 -0.0291734001002 -0.0236357210457 -0.0189998010767 -0.0151649304246 -0.0120243295833 -0.00947413012954 -0.00741982512475 -0.00577722988331 -0.00447283087086 -0.00344310279878 -0.00263474112173 -0.00810143585897
# log_F:
 -11.6421324050 -10.9468307167 -11.6372388013 -11.1307798720 -11.9732081539 -11.3954742979 -11.4828745326 -8.14506576382 -7.05607455262 -5.73406542092 -5.48114152508 -4.49678080129 -6.37750963775 -8.46448176574 -6.05830941665 -5.78361753120 -3.87815013659 -3.44521362680 -3.50579083695 -2.49501943902 -2.54563632551 -2.02000811101 -2.17790785412 -1.92997278822 -1.75846797074 -1.73045051474 -1.88957822766 -1.98551589251 -2.11460312976 -1.83264381832 -2.43953527118 -2.16118382224 -1.77272546771 -1.94325196427 -1.68843463454 -1.44052142334 -2.43507336541 -1.64526942134 -3.12317216043 -2.16048750029 -2.16841709077 -2.64613178440 -1.98673619576 -2.96672921577 -2.24578284829 -2.34865821553 -2.53107635655 -1.96469458974 -2.05653912133 -1.89404169822 -2.04288702882 -2.62118910814 -3.10019144495 -2.88369965393 -2.88532411332 -2.96217853914 -2.62545750354 -2.66333989275 -2.93568332858 -3.26011896125 -2.62342566029
# log_qflo:
 -6.54348078028
# log_b:
0.00000000000
# log_Lo:
3.91202300543
# log_cv_edad:
-2.30258509299
# log_Fref:
 1.00500000000 1.00500000000
