# Number of parameters = 139 Objective function value = 4895.67870809802  Maximum gradient component = 0.000379198515409211
# log_L50:
 1.38889122681192
# log_sigma1:
 -0.860383832777272
# log_sigma2:
 9.20000000000000
# log_Ro:
3.80000000000
# dev_log_Ro:
 -0.854913336263 -0.846986854539 -0.837692988157 -0.827446611034 -0.816496924523 -0.805352974596 -0.794833363270 -0.785322467278 -0.779855835290 -0.782034230758 -0.800350923073 -0.849494858740 -0.842165602978 3.56953090814 -0.825078015874 -0.813059784617 -0.785364935897 -0.766119922293 -0.747529892242 -0.726234995471 -0.713019287562 -0.710235067257 2.44503685845 -0.715491120053 1.55745616582 0.647415866272 -0.620607080296 1.52914189178 -0.102473894169 0.000495706565290 0.0943431256084 -0.313343333689 1.18677480244 -0.185963653834 1.22885894120 -0.266492891685 0.907886973901 0.848439560695 -0.0149882318443 -0.107594564922 -0.272115320532 0.762672949047 0.823887116028 0.803127865661 0.715187514054 1.27991055611 -0.156116838116 1.03112804873 -0.0652763303002 0.517118433911 0.0853039592985 0.677114028561 0.221528136841 0.750519205399 -0.266798318094 0.404925385305 1.19674428177 -0.733662667510 -0.974811942072 -0.889640672642 -0.889582550123
# dev_log_No:
 0.0711062044715 0.0543729038860 0.0414784080310 0.0315823879855 0.0240329304686 0.0182733875735 0.0138800771126 0.0105294797943 0.00797675876129 0.00603459439172 0.00455922936389 0.0141506770198
# log_F:
 -10.0804733878 -9.39281590319 -10.0885292907 -9.31251786005 -9.91726345029 -9.13485565629 -9.04827752320 -5.56434337191 -4.35194600523 -2.91172411142 -2.53957573376 -1.38040590959 -3.14114361723 -5.25564847546 -2.87840688815 -3.15205303091 -3.37888825429 -2.97251577327 -3.01154741614 -1.93638837874 -1.86419264497 -1.15036667518 -1.02001907903 -0.326458240974 0.340506721816 -1.28286617795 -1.25287272137 -1.47678621749 -1.52836256064 -1.08449837938 -1.85073748033 -1.43633006537 -0.882556510576 -0.867851597875 -0.332886243093 -0.420821148798 -1.01975147116 -0.510474816232 -1.72095995594 -0.929841408197 -0.974480178550 -1.31220492497 -0.467366034612 -1.18162383790 -0.665030077534 -0.864644205915 -1.14555023436 -0.559031073995 -0.844877574119 -0.400164971269 -0.604249263756 -0.941129897937 -1.48428469881 -1.22311670317 -1.29392590580 -1.30196028609 -1.00909836013 -0.787679343615 -0.938155936764 -1.37846701117 -0.313973538004
# log_qflo:
 -4.95493908405
# log_b:
0.00000000000
# log_Lo:
3.91202300543
# log_cv_edad:
-2.30258509299
# log_Fref:
 1.00500000000 1.00500000000
