# Number of parameters = 139 Objective function value = 4877.70556968178  Maximum gradient component = 7.80053624118772e-05
# log_L50:
 1.38709460373240
# log_sigma1:
 -0.867290562046298
# log_sigma2:
 9.20000000000000
# log_Ro:
3.90000000000
# dev_log_Ro:
 -0.802175405240 -0.792230136131 -0.780179426151 -0.765919816908 -0.749012871220 -0.730146524672 -0.709357859509 -0.684359401720 -0.655760505479 -0.609295900103 -0.570612490109 -0.541603777846 -0.522337731637 -0.535671243789 -0.505653752392 1.24430670541 -0.487905336259 -0.725111341642 2.96956118610 -0.733959927034 -0.717668263493 -0.686084324258 -0.678481462968 2.10854831522 -0.116839834396 0.835849788749 -0.676593669373 1.13470147633 -0.151450366847 -0.359631423824 -0.268504987697 1.42140689402 -0.466880184768 0.262921862655 1.08456963787 -0.225108432505 0.804344080447 0.748285573741 -0.0753807504211 -0.192996564524 -0.330478621437 0.665530941721 0.742236641120 0.709593447345 0.655106545649 1.16077146499 -0.138601293350 0.916895321009 -0.104421946114 0.414823207947 0.0304078132772 0.571751912862 0.177708366873 0.632461270617 -0.289871883236 0.325342504529 1.09905045804 -0.715145783189 -0.938968004172 -0.840917412650 -0.840856759447
# dev_log_No:
 0.0741915003473 0.0573400699025 0.0440944835604 0.0337651626323 0.0257933181531 0.0196621027247 0.0149603451298 0.0113617160552 0.00861319725789 0.00651859574426 0.00492569747222 0.0153020789548
# log_F:
 -10.1819993554 -9.49460182425 -10.1907136167 -9.41796741343 -10.0266582448 -9.24886043393 -9.16757627690 -5.68991536976 -4.48541071797 -3.05735297536 -2.70358275825 -1.58222879838 -3.38406559119 -5.52196163156 -3.17965588070 -2.95860113812 -0.970017814112 -0.280365154969 -1.03002124461 0.699999966804 0.622218112768 -1.43079401862 -1.53944749912 -1.16536081187 -0.735584541826 -0.386666130207 -1.46699119189 -1.32076566445 -1.43349203769 -0.964034420202 -1.61986760233 -1.18195955050 -0.512764633706 -0.416207190036 -0.863876960664 -0.302491952588 -1.05804407525 -0.502895547456 -1.74043372824 -0.938034219158 -0.976584535194 -1.32105249885 -0.478879565284 -1.20435655397 -0.676917881578 -0.877920330132 -1.15477620240 -0.577269928174 -0.841488543233 -0.417838667452 -0.605109917440 -0.956602534422 -1.49293542201 -1.24055796718 -1.30188189480 -1.32079250139 -1.01293587252 -0.805738011964 -0.959044812364 -1.38768807402 -0.342656220694
# log_qflo:
 -4.96891968923
# log_b:
0.00000000000
# log_Lo:
3.91202300543
# log_cv_edad:
-2.30258509299
# log_Fref:
 1.00500000000 1.00500000000
