# Number of parameters = 139 Objective function value = 4847.02082874041  Maximum gradient component = 3.18489418319166e-05
# log_L50:
 1.38641091631170
# log_sigma1:
 -0.829895519560947
# log_sigma2:
 9.20000000000000
# log_Ro:
4.90000000000
# dev_log_Ro:
 0.796768800320 0.785394166386 0.771008419949 0.752453112003 0.729188460785 0.700712819638 0.666490235605 0.625621939336 0.578462750239 0.523643784863 0.464983729331 0.402641735558 0.337267023288 0.270710822925 0.199454126719 0.124505852278 0.0539754922796 -0.0213800214155 -0.0850313020707 -0.143015186961 -0.168202665839 -0.149149291052 -0.0423888107841 0.206234354442 0.275583707765 -0.151590454781 -0.517602238182 0.0701874383605 -0.383928060983 -0.677068741055 -0.514574478782 -0.519888431071 -0.470850503912 -0.277853714779 -0.0496227658805 -0.379799582716 -0.148969239832 -0.187315131678 -0.666110220692 -0.845352556531 -0.840873031483 -0.184271258594 -0.0322886247752 -0.0909139545175 -0.0558379242752 0.0922734722939 -0.430656009799 -0.129991843761 -0.562110773621 -0.404994321209 -0.515248730828 -0.269678836082 -0.347314903263 -0.271793269293 -0.577186490501 -0.223698271253 0.347030714340 -0.310530084726 0.179320324310 0.846098373755 0.847070070210
# dev_log_No:
 -0.0181401759511 -0.0146604966881 -0.0117561466643 -0.00936050502123 -0.00740502023339 -0.00582206641785 -0.00455059765612 -0.00353679128381 -0.00273352464147 -0.00210109132045 -0.00160575134977 -0.00494489783459
# log_F:
 -11.1553649933 -10.4608439710 -11.1638864406 -10.6250306287 -11.4464249843 -10.8560276831 -10.9367115623 -7.59674617776 -6.50916735056 -5.19091502393 -4.94372192228 -3.96536092820 -5.85579597025 -7.95860783603 -5.56984162924 -5.31325290959 -3.42243114671 -2.99857070227 -3.06900290340 -2.05897243215 -2.10232607092 -1.56275009899 -1.70499222817 -1.44995843553 -1.27056550603 -1.25420463327 -1.46327599260 -1.54598492280 -1.63453705708 -1.31486838215 -1.86602355761 -1.54992807210 -1.06549735578 -1.18840315044 -0.894034724304 -0.558980185229 -1.44790309810 -0.649405370757 -2.09328257229 -1.16206268236 -1.14063501806 -1.55539347419 -0.790970421293 -1.64748284817 -1.01276651527 -1.18605161779 -1.43292974493 -0.868032011614 -0.979190592671 -0.720694471916 -0.793967682879 -1.28912385114 -1.79507928359 -1.59813949311 -1.60597341982 -1.68325274715 -1.31457801584 -1.27059864535 -1.50302840956 -1.82503959389 -1.12950998238
# log_qflo:
 -5.32230836397
# log_b:
0.00000000000
# log_Lo:
3.91202300543
# log_cv_edad:
-2.30258509299
# log_Fref:
 1.00500000000 1.00500000000
