# Number of parameters = 139 Objective function value = 4860.40498079782  Maximum gradient component = 5.79423557324610e-05
# log_L50:
 1.38353183578062
# log_sigma1:
 -1.86179775865271
# log_sigma2:
 9.20000000000000
# log_Ro:
4.10000000000
# dev_log_Ro:
 -0.579201992832 -0.574748198918 -0.569187239943 -0.563034149483 -0.555854178036 -0.547715199396 -0.538687259325 -0.528277041712 -0.516642753503 -0.500530772620 -0.488000217810 -0.478952209925 -0.474909124538 -0.481786282061 -0.501875674353 -0.484095356071 2.68841772001 -0.435398716277 -0.417870784320 -0.366534829576 -0.340807633883 -0.324967065872 1.86154691589 -0.231151769698 1.06913122400 0.404574066953 -0.589435696123 0.933104645319 -0.213076879965 -0.318167004518 0.988779777082 -0.0793430329190 -0.0403252855356 0.145142520701 0.799690071918 -0.284163907478 0.703159989169 0.472429952217 -0.161893179799 -0.423968318394 -0.0437411548454 0.351186044924 0.493764058302 0.490420141888 0.696730010284 0.740709036701 0.0920515691053 0.627478974276 -0.149097577708 0.150813591620 -0.0407745324917 0.340262672901 0.0832823257442 0.358700255908 -0.346140550829 0.236278025019 0.890927734561 -0.638286167844 -0.596646547054 -0.596646519347 -0.596646519486
# dev_log_No:
 0.0254649330665 0.0199302870898 0.0154987793375 0.0119860754460 0.00923306466269 0.00708733620971 0.00542314957063 0.00413734995217 0.00314760813975 0.00238853867265 0.00180828501227 0.00558329303546
# log_F:
 -10.3601105826 -9.66886219323 -10.3645307110 -9.60830621358 -10.2358667921 -9.47824355459 -9.41737017475 -5.95958938065 -4.77440155342 -3.36822946734 -3.03981849843 -1.96050361488 -3.78980876545 -5.91319145704 -3.55442987449 -3.32325919713 -1.37435103755 -0.735731870179 -0.523371845303 -1.71236178859 -1.74608281740 -1.12629534561 -1.11362790916 -0.620079258791 0.0301681343243 -1.14752037604 -1.12118999359 -1.29816495846 -1.36521931558 -0.877017819500 -1.57080874704 -1.15475744451 -0.526434011866 -1.07717706724 -0.721818253382 -0.232259713367 -0.995830825771 -0.414160845693 -1.65497834078 -0.917341962308 -0.927729535357 -1.29484272740 -0.426076514188 -1.30398788895 -0.664760456234 -0.823594946824 -1.09051307069 -0.604494387554 -0.749261129613 -0.389338147515 -0.540117339395 -0.918538852732 -1.43615661567 -1.20929963391 -1.26082807615 -1.29563137668 -0.960537288855 -0.756988749434 -0.922381600026 -1.38044844289 -0.378199928059
# log_qflo:
 -4.93511991519
# log_b:
0.00000000000
# log_Lo:
3.91202300543
# log_cv_edad:
-2.30258509299
# log_Fref:
 1.00500000000 1.00500000000
